mean
1136.163367694
1185.8537089664
1336.8746328703
1239.0716997654
1296.5124445861
1207.1094299784
1347.4260869859
1312.6411787217
1316.7762728238
1227.7154856943
1129.546667139
1316.49517162
1439.9455866855
1184.0512170948
1275.140992076
1259.2002541343
1240.3208590812
1366.9826368706
1310.2895987426
1264.6726075708
1297.3430106582
1371.1364149508
1370.555775441
1344.4546976787
1297.3028286688
1088.0979166628
1173.955080654
1302.6087800301
1167.3845881449
1279.3877806511
1284.8583943552
1406.7890388862
1200.8832772951
1110.44097307
1163.5315617982
1260.3255174905
1093.0842236155
1318.3653737697
1159.7762982091
1336.8201422822
1345.9600467342
1276.5062704016
1292.8559247749
1194.7320302935
1238.6510806509
1305.1616080084
1296.0359703165
1223.5169929656
1101.1084058953
1159.2173560259
1183.3422217868
1272.8431382015
1183.6524850312
1210.6876746243
1183.3715969769
1211.0388884681
1210.7204057034
1075.0883666325
1138.2943961464
1229.6680294513
1256.4365130967
1307.130716224
1256.5418681462
1304.2281721482
1257.4220187492
1294.4958723785
1327.5296979317
1248.8075185662
1420.1709181961
1382.2982960129
1343.051607575
1308.8202830857
1319.9430348391
1272.4375107561
1524.1069862532
1287.7104237328
1342.0993721981
1002.0444583691
1368.9663267656
1363.1099018998
1380.6936811195
1165.5413034874
1252.9619762408
1190.0609148541
1233.6369471755
1425.8285443029
1377.2648865496
1275.8192217643
1120.6727042519
1290.1110025521
1276.109354151
1262.4226084427
1292.1521180469
1261.6852630264
1344.9125887768
1426.2414774972
1293.827400265
1208.6026802835
1185.9727467858
1208.0796630083
1354.4113475366
1072.0926382432
1352.4697923322
1320.7227111747
1245.9064591559
1144.8144468894
1262.5105749141
1269.554310898
1311.0133283808
1363.1749516564
1476.5620895502
1148.4525082492
1186.741570627
1339.165982633
1453.8391981431
1266.1167089587
1341.8264538938
1265.3129989335
1187.4142238361
1269.4279346399
1173.0686394584
1126.221664726
1273.5541832752
1255.0471446462
1251.4981541711
1300.8619809858
1420.8606232397
1244.5597648878
1044.2635444296
1295.915473372
1347.3153469761
1175.7441339349
1251.700331285
1309.456240483
1208.39865795
1133.3664191953
1371.4406482364
1348.180245926
1403.4356555885
1233.8515520424
1309.3437166624
1220.6889983989
1185.7132054721
1354.2230097009
1407.4543810903
1225.1681278786
1212.7284324333
1114.9064426082
1467.7981675502
1242.1041372901
1208.5179313948
1268.965807556
1213.7130786731
1243.0574647348
1359.4928295343
1426.3249305225
1209.5922109564
1465.2735690118
1249.6092409535
1321.8243896846
1129.1268881644
1162.8189674327
1128.1736045397
1305.1705293811
1299.5412969872
1167.460083249
1071.0009254323
1216.8460936664
1459.9706332675
1323.1496463283
1212.1455938997
1370.2302754465
1320.575024057
1258.8270523886
1311.9373303578
1518.2511975157
1549.9481617964
1291.4176814164
1161.86501731
1414.8364557453
1189.4290690468
1148.399184557
1237.0014557741
1232.2178869027
1159.6292496683
1304.5095968723
1161.4887620961
1211.2920779377
1294.3543508349
1308.4529325215
1407.211126109
1117.8321741782
1204.3339931693
1360.4180568086
1088.1667362731
1427.7128958564
1263.3824202164
1199.7462372647
1302.200812455
1238.9312383926
1209.2259845251
1339.7606841373
1380.7584439723
1248.6756278946
1043.8099500135
1257.2623019914
1143.8222505254
1089.7511458259
1154.1431747961
1241.668603853
1435.0479110136
1175.1885159711
1126.9651219164
1218.0594608122
1180.9456704622
1358.881427089
1248.5332572631
1249.7143560235
1261.4436638585
1289.0552835613
1271.6627633432
1275.6944427019
1255.003409638
1568.6093124082
1398.3704237298
1260.3353230873
1172.9048253568
1160.7079431215
1210.4278279094
1268.3200304383
1151.8679421225
1350.04742537
1219.9436570478
1395.4552940589
1385.3027361777
1305.0175435362
1326.4215749598
1158.2617906448
1410.8926530224
1360.7038998938
1280.7497758811
1163.3010809195
1404.9717122539
1249.5731289305
1203.9562853635
1269.2319276179
1215.4320171313
1203.7024359537
1265.4284683051
1265.2317807504
1126.9220658009
1391.6055147614
1222.1939721089
1504.9811682085
1153.6417594027
1110.3037221
1355.7554588588
1332.1788393459
1201.0663832659
1420.5136626322
1321.5589759594
1128.1179329871
1277.6224934578
1141.4341107993
1259.7493587858
1290.662041928
1301.8673554086
1466.2181910306
1296.0625006529
1175.0290514728
1110.3154613081
1197.5458581203
1292.3914888102
1220.3431041883
1241.9513109128
1228.0536470269
1172.777688905
1375.6874369179
1252.5941056118
1216.8070932807
1191.1542865866
1194.331008879
1390.7203279201
1110.5824123554
1219.6536561968
1281.9781426286
1352.7654058559
1340.9171350766
1184.8099760816
1211.0830082993
1306.815750099
1210.1006944586
1216.9328993105
1419.8357983722
1088.2791486897
1115.0141548209
1114.1658970079
1196.9703691468
1030.3836624518
1267.1654852041
1140.4257753612
1335.8718837649
1277.383592855
1333.5792297316
1231.1948463191
1385.8843292921
1297.9390451757
1228.7572533451
1482.626008222
1401.8134170496
1196.9123645833
1201.9102429105
1290.048406193
1311.6295839403
1159.1729734198
1292.0906363572
952.68135824776
1306.1676093358
1311.3399519332
1151.1241268341
1162.161499546
1166.2925220162
1339.2896516423
1099.423569663
1145.5859876164
1178.3390313724
1205.1919342157
1361.4092006968
1211.7668426871
1326.8615027321
1215.2571272861
1056.5772620992
1140.548462653
1230.2516519488
1081.774711975
1368.6567468144
1162.1294387661
1245.0879195782
1204.8795982681
1346.7418414411
1254.4305686117
1383.801387326
1376.9357261595
1161.1416753037
1228.6250845621
1319.2676938855
1243.4972740179
1145.781216812
1288.5466089066
1146.1249899468
1222.929931879
1081.9185888105
1273.6863515369
1248.7701874237
1167.1407160149
1319.8683358915
1291.2420409087
1464.4963711607
1073.2973386866
1255.002401751
1395.1178947055
1098.3193137493
1304.1978287451
1183.6762396882
1214.6765415453
1277.6998923393
1434.0420866542
1293.8189914296
1219.8132207054
1244.5441293694
1350.1521421828
1251.4495621724
1381.6641092314
1221.2448526251
1391.6874701648
1198.8144327564
1122.5290200576
1312.9917489434
1223.1371779769
1259.1646819341
1220.694226533
1266.0418851223
1250.3553031437
1172.1703097516
1416.5752059258
1358.3559150398
1128.8963565437
1158.5418431746
1185.6222770656
1179.6721193815
976.52506549613
1248.594237883
1311.8769017901
1199.8273658797
1157.5366499951
1371.1805982879
1097.0947314503
1404.1492145287
1143.9395344398
1137.3882741055
1090.6768636273
1190.6356221324
1253.7390455783
1292.4960372751
1331.9809954404
1122.523234482
1134.7308817946
1118.8198479316
1215.7317527667
1244.3496580598
1245.6361445315
1181.2168081847
1258.7995360668
1269.4650662807
1389.7311975904
1353.4910974204
1297.3085534757
1266.0570588581
1311.3404343383
1430.7265298116
1401.8564633275
1262.2239009147
1408.6027487185
1228.2775556557
1178.1615283557
1186.7900757284
1265.8214853685
1203.181896594
1253.7394434936
1074.1962980381
1236.0991940051
1271.3068228827
1302.0038988981
1319.387658437
1410.0002422433
1203.0288328711
1236.2160966278
1092.8808853573
1333.8930337446
1265.2744911598
1370.3611702568
1298.7227635387
1291.1780980479
1331.3555995495
1284.1426401573
1206.7405938774
1477.404925319
1106.9447390417
1229.6088855659
1228.0646338222
1057.9292860234
1354.4515854115
1286.4581676782
1478.6561363614
1108.7050858624
1242.1465328309
1310.1242309185
1130.9990753632
1227.9797243689
1229.2865898224
1290.953002378
1270.5426992349
1225.9661276846
1188.7028180398
1175.2509595906
1373.44174773
1152.1714331785
1175.9741940202
1259.9055437194
1356.2828129943
1149.2441859459
1231.582653187
1105.7871019949
1229.3221919399
1331.0059812268
1174.8346869991
1253.5332888976
1348.370771483
1299.9438413185
1284.0864839884
1447.3054195396
1250.1967143537
1186.812975526
1263.8903238488
1341.8519611523
1116.6971365589
1408.5190329267
1353.1823387254
1275.7042304972
1133.1667511294
1349.867986313
1102.7780746466
1209.6054150853
1386.9431501296
1177.5227226428
1246.3555819396
1312.6002820393
1377.1729723215
1282.5050773063
1057.3146163448
1107.3187923101
1293.2099529903
1289.1939513703
1267.1232728781
1631.9085477012
1437.5974406511
1302.1754247746
1163.8057359165
1284.8489115841
1208.941308605
1259.1364945008
1024.5609459225
1318.7553699426
1229.3172966291
1124.1311095175
1189.5459868592
1152.9708901684
1185.7538930281
1337.9206947085
1222.0822576009
1245.0928265479
1360.3220619684
1055.2431589623
1190.0552097534
1278.8342818504
1335.3881044031
1358.5594151125
1283.324996428
1244.6383391602
1268.6647581692
1273.0791215862
1476.4411611988
1273.3659965267
1359.0260960251
1405.6266452142
1438.1878823016
1250.5726006187
1207.9704665369
1248.7408399539
1269.5481139072
1158.1401651525
1600.568115172
1158.0612925333
1277.4137659497
1337.6157919232
1212.9250879058
1237.2000213933
1095.793319944
1143.1350792826
1328.6433474811
1227.4023047492
1279.8172564916
1333.4861801822
1323.7894467683
1053.9065659806
1402.3302755498
1261.377530879
1168.8664417917
1275.8824490443
1301.9440991359
1499.3871251919
1151.759973205
1317.4855762069
1212.7020716661
1205.9327813608
1224.246013307
1337.7928229262
1288.24806559
1185.9874087886
1251.8556391639
1266.4673073871
1434.9354512722
1195.9070900246
1124.2884439622
1350.6733578046
1315.7123106192
1068.5842605325
1274.5030734366
1272.7988387306
1345.3156175171
1415.065407059
1201.8507684541
1222.5154547732
1366.7555109681
1319.4384475939
1157.9446657368
1366.6622644171
1302.0908915948
1501.7346318162
1377.7380033219
1293.5320479209
1141.4689829851
1273.6678584735
1241.173223952
1205.4583510235
1137.746318687
1261.651313732
1149.2474598653
1175.6049251862
1211.2127722848
1232.0799515602
1285.6666876135
1198.4964044631
1052.1635735163
1182.3456874119
1179.1323353241
1327.1998248554
1320.247392621
1276.9529085945
1307.4585522287
1089.5486652522
1270.4502992155
1242.2687999864
1250.902112457
1305.2282096595
1148.9178738229
1246.5425198866
1169.2099005033
1232.6316445827
1220.2697174681
1318.022006537
1307.7342081664
1435.2405542965
1308.163922997
1227.5730728944
