1157.704971749
1177.2203887765
1409.0341911581
1294.9070111702
1105.150853015
1180.9472781796
1303.746849872
1207.9619282137
1170.6687972343
1328.0363975082
1125.128795191
1212.0851790163
1258.6882594468
1320.6019660835
1262.4123657996
1393.178949827
1296.6671573008
1295.4521508208
1126.3072292959
1280.730092294
1390.2744100392
1503.2584050841
1228.4616653079
1161.8437333022
1202.5773362198
1348.2324121253
1255.6031371235
1312.0249548855
1269.7146208482
1243.1377179679
1268.341628706
1262.9772299819
1254.832350063
1285.2899229172
1309.4554216376
1156.8701477586
1184.8887204277
1313.161552032
1288.4862237296
1151.1312477925
1212.634751341
1233.9990333318
1148.7062291806
1167.6552371144
1412.8576342198
1297.8129837388
1129.2242598855
1211.9811217106
1328.2010846879
1183.5573920775
1214.3358470322
1236.5195392086
1392.4192403851
1149.0149587735
1246.3423398812
1388.6584256804
1150.4114614309
1136.6272159609
1196.0412455401
1291.5588477348
1289.3739678273
1267.560150993
1227.9347140621
980.23818798099
1303.6815603468
1298.3093845337
1243.795082261
1088.5461745884
1130.9937563137
1163.9812207844
1300.7825861152
1408.0556419103
1010.8179914114
1198.0340577937
1233.0571085291
1248.9665120847
1320.832279551
1393.7454388425
1352.045818354
1320.8053808849
1232.7434722897
1101.1415576447
1402.2412206845
1206.4997936029
1263.3317620435
1495.0504233081
1119.120434413
1040.7631393908
1239.572749553
1303.0650891565
1426.252167971
1170.3405914618
1144.9101958751
1149.6513894462
1214.5900105936
1420.3464140335
1192.2334685801
1385.1699975687
1355.0264475685
1251.7180114174
1256.7795064497
1124.7868047003
1231.5522727269
1281.8796056424
1283.4148314826
1244.7639227808
1120.1197923022
1186.2620194052
1241.9021277955
1150.2237012478
1241.8275747577
1354.1200019198
1299.3002559662
1085.5867716431
1260.6141758881
1406.5393874817
1329.5102843546
1253.1377724019
1191.4741310877
1335.9396593238
1238.2238949446
1356.0816542968
1195.9269530013
1125.3836873828
1208.6942964366
1317.4987628714
1297.0685347956
1074.4924161197
1217.9216814316
1088.0391407042
1356.3244527947
1333.0235422049
1187.2232294027
1370.3095455304
1228.7335395773
974.27820168886
1323.9854804534
1270.5027815587
1235.693214049
1286.236332841
1236.9315792423
1365.6649977299
1230.5377823025
1233.5390315592
1071.4958328253
1610.5300256414
1311.365742584
1218.7242384633
1164.3819614668
1291.5470887812
1167.3692972517
1118.5780198121
1235.0994717994
1205.3623235616
1130.9251137617
1329.7267308835
1157.5369144914
1423.8558200783
1235.9018170146
1366.9523881689
1322.194517222
1208.2512238984
1198.3996387861
1143.5236342192
1294.8203685686
1104.8729975892
1367.613258391
1312.2006166731
1327.1904509057
1120.0165694042
1200.9737359192
1207.4518156121
1348.7774886566
1375.1553479721
1164.837265905
1445.6818595773
1106.0819313809
1196.762892646
1377.2190476616
1172.6286993478
1329.5390187177
1117.3041530369
1426.8307273689
1107.9315559391
1254.535346249
1183.0903562459
1317.8512934606
1250.252249227
1052.6909272639
1231.7261661562
1183.313285558
1273.1133276629
1340.8197375399
1335.8088535181
1088.4859244105
1117.4004216934
1248.3660378879
1215.0988121787
1332.7076973563
1387.4237091901
1259.5556745716
1485.8477116651
1189.1288720518
1234.1579898526
1239.9141306094
1293.2128779194
1325.4819984566
1123.2748875239
1451.1134610099
1130.4794141126
1139.5419439162
1326.8995870058
1262.7682636974
1290.4546396868
1156.5196407223
1420.5560509392
1271.4835666951
1131.7639964176
1312.0827211272
1113.1010738616
1162.7376092885
1350.8696766103
1208.5019246428
1372.4906347524
1204.6682255003
1281.0955311078
1277.609948518
1385.8444650125
1436.7646617835
1296.5788181185
1195.1972477734
1422.3576977772
1181.6031701583
1360.965667345
1234.1919806491
1270.4943936097
1146.7785914417
1366.2252333672
1257.8788764407
1236.641599033
1216.680269891
1201.6932031343
1256.4716707046
1234.0887458731
1211.442112214
1188.9613209777
1215.2988422016
1402.6097682057
1208.4353831321
1328.796594446
1292.5029052425
1360.0602258306
1200.4699172993
1032.5110553092
1085.7889132886
1177.0440300563
1205.2225222141
1213.0460852551
1062.7869769942
1146.3884336817
1435.371556928
1360.5505261901
1446.0893766807
1328.5605689401
1259.1974987445
1253.2979150737
1202.4718657651
1492.6423860455
1011.9063205245
1302.7651812413
1381.9719475643
1243.4951657901
1238.4555416722
1244.900395382
1132.3326297964
1410.7560398395
1326.0073080776
1222.1965148587
1322.7663860431
1261.1693056051
1061.288354872
1275.0568853583
1383.3943036593
1369.8537208506
1164.7149483165
1207.9857380622
1184.9311201255
1147.5484467918
1399.6555806775
1277.6165962822
1180.9478838364
1270.3321636486
1315.3295904157
1064.9327902465
1205.4554979809
1145.2711386039
1289.2277614412
1343.2940566167
1157.1854466314
1137.1764647177
1182.0317242996
1225.6022492121
1338.740012376
1384.8598354786
1268.3806257289
1107.7823049552
1320.8528672412
1266.8276802887
1202.1088681406
1286.6116216419
1305.952238015
1165.0866992708
1277.3704407554
1136.8772588869
1307.797878281
1119.7969251888
1263.1539244702
1163.3607781254
1253.3036504428
1155.358027663
1412.4967794577
1252.6621981748
1391.1065713115
1316.0728144279
1112.4795380776
1021.9425013815
1260.899408574
1430.0813289369
1199.3450225694
1236.1327506182
1333.5740888484
1251.2766019382
1205.4263534967
1057.7801598909
1357.9758822609
1360.9694269737
1344.1438138365
1172.0336875348
1126.2278466211
1188.1514133455
1305.0773474176
1269.6096798429
1374.582090826
1264.9488335692
1165.9161963891
1230.2915944143
1349.9370189394
1338.8098276353
1175.4998622131
1375.1001349143
1353.6775090947
1228.999608508
1297.8274291605
1282.2575004935
1141.7162009311
1311.1771679713
1181.3483692787
1301.3007064418
1299.3112829992
1147.0399657398
1305.305916832
1153.0743619203
1292.4069036476
1296.1921698926
1160.647663704
1220.4319133664
1211.6446701151
1354.6013679237
1091.3534104229
1335.0169501142
1315.4946419192
1383.6622854304
1367.8474439717
1353.4166172999
1215.6818464076
1272.2133262189
1196.4453247943
1126.7742186406
1293.2445082007
1414.4364827453
1336.3769231416
1373.6503877545
1305.1490482343
1439.6477380947
1461.6187462728
1093.8586579378
1220.8854995512
1367.9571036858
1034.6033771723
1188.8387418278
1179.9589093351
1225.0049644534
1233.4030370446
1357.144624095
1263.9757984239
1351.5088784457
1269.2893468173
1329.3736127904
1114.4182646012
1221.1795383926
1344.9120969406
1314.6941066833
1306.6198787301
1366.6885233628
1301.7668998933
1338.4489201134
1170.2900949668
1258.3687178224
1367.8560269182
1130.5912512212
1226.2560765502
1423.445926114
1370.2730685297
1228.5102573256
1285.6380140583
1099.555013647
1298.8692856842
1294.0206946412
1404.1865855191
1191.3148587367
1269.6658225891
1277.6780378167
1284.9635202092
1139.8600808632
1298.5750502217
1197.5468610202
1287.1237786207
1148.1453145283
1272.5969174991
1228.2318337283
1236.9964105941
1363.2860030477
1190.4509685427
1067.4697941081
1236.4269206602
1261.2295885097
1340.8908804181
1470.1430547603
1259.9080411445
1107.4543187766
1359.6105457979
1300.902555287
1212.2409788849
1299.2038805532
1240.6965226744
1339.1393698664
1184.0025842553
1022.1996554385
1312.1854595501
1305.2600141132
1178.6091022606
1282.7700419834
1204.089185364
1205.3205101553
1164.3135495524
1285.1317493711
1127.7607856357
1324.352255588
1184.1866945853
1139.9896563274
1406.3333294364
1198.3675634684
1193.311278904
1267.0236947991
1221.874556033
1183.2077010668
1092.4607633163
1206.4756270144
1144.8672075539
1295.6642792686
1235.9419235131
1288.7537827509
1346.2314271446
1271.0607216723
1336.5618414916
1389.1642136295
1371.2924619127
1270.6812318822
1374.8872217999
1181.7280690038
1172.93827168
1262.6202282933
1282.9375344309
1366.9113735639
1070.1578108373
1254.0650093533
1206.4953832506
1384.0892013112
1078.1574908784
1229.7019615817
1332.2806246766
1180.4938187863
1245.6708655166
1362.5962227454
1210.7995995535
1311.7878777955
1376.4024537425
1320.5957181096
1436.7564275286
1365.6033045786
1261.2154153048
1361.1105901058
1209.1305140625
1155.295486192
1297.751481235
1327.1476259294
1201.42671019
1365.326574837
1300.8883976091
1268.7250863385
1268.9957423893
1268.8750612965
1262.8696561702
1355.1596136637
1222.6482801652
1229.3110798965
1496.3292423954
1184.7089519596
1272.0590115993
1183.4637647672
1291.6734251721
1215.1336926393
1267.7002466096
1103.9901859891
1120.9167298833
1229.9781198968
1238.3334350877
1140.2258369571
1181.9920598678
1332.3223604126
1251.2297175528
1415.4145520585
1251.9196111498
1416.8442877873
1353.9748112401
1448.3137615596
1155.9718086158
1158.1153698458
1271.2999633857
1348.6569241272
1265.2549521292
1143.3686790789
1203.7739460216
1164.2624219219
1255.1208586426
1294.8024919803
1201.4448835863
1165.8449798176
1162.3430013279
1311.9049868649
1113.0953797014
1262.0734977699
1232.9708326507
1311.5905037415
1259.5175644165
1240.8742076069
1210.8000465097
1463.8501527833
1186.1076707651
1354.2205597714
1216.4832425957
1041.4402799085
1044.7326398713
1302.122305308
1247.2432470056
1379.6000441268
1256.1837656976
1251.924768662
1285.0724444373
1027.9622394485
1211.9210021762
1314.9664210831
1410.781103609
1169.4087264851
1282.7157982531
1112.8268467145
1252.6677427664
1159.0321786746
1248.493676232
1396.1701220975
1187.1481670045
1274.7043238947
1222.5163542237
1211.7393429974
1412.9489785195
1237.0285474154
1316.2374891114
1329.7932643855
1318.6314163652
1211.7808712763
1306.1334750777
1069.4584268067
1243.605787512
1245.2896543002
1227.1936467231
1330.97271532
1366.2217751953
1485.9212339288
1187.5911626409
1254.4303901644
1443.932010326
1366.8634433197
1375.9510932875
1292.8635549542
1315.2151406544
1143.5955189202
1209.7382242908
1218.9517670613
1166.3672174222
1345.0666224641
1210.7397945566
1111.1983205738
1279.1114713527
1365.7275880177
1319.6784239023
1078.6547304019
1155.8488651433
1283.8887970978
1178.9028664929
1284.3311485559
1430.2663691517
1239.3399290379
1263.1499564444
1194.7013027602
1156.1846804915
