1292.3493615271
1203.2060018007
1238.0739700613
1368.7708453966
1207.1096499745
1264.2783835057
1259.0595497099
960.2515356131
1234.4880205141
1449.9369945356
1289.1207815268
1200.3779050993
1162.7891607421
1065.4119287179
1247.8038662436
1056.8488214476
1162.9094750327
1119.8103345856
1270.0600706358
1127.4366087463
1250.3711955345
1380.9238467849
1249.7162507546
1291.751761793
1172.2843200301
1249.8754880986
1239.1195844883
1293.9564820765
1288.2559886344
1243.6723389418
1203.4696770841
1242.5002058962
1329.696952512
1100.4322132477
1030.3802480487
1362.2722491873
1334.0531587787
1150.215829205
1240.4210889999
1205.0255674296
1216.7304048946
1237.5587258245
1303.3232990538
1306.1917906977
1352.5156872876
1267.7939608879
1186.9728820072
1131.0538717647
1300.682462697
1223.7885462923
1167.5087533236
1262.7796142017
1397.4921531953
1015.8387980827
1415.6965103442
1192.9158404299
1250.3715033203
1296.9227227929
1521.743559594
1287.5721157086
1360.457599647
1305.7475962573
1197.9458381032
1244.59222465
1220.3249589765
1272.2127891904
1266.1632206785
1345.452705026
1217.0694826736
1239.0294598087
1236.6983286551
1158.1501321112
1355.9342808126
1175.7412390399
1306.5779638276
1149.1523151021
1243.9354676043
1364.8622688987
1193.0901017254
1178.7317159123
1264.3032214137
1175.9803240085
1155.8138972852
1189.724674747
1461.7708788102
1321.297024134
1148.4717405626
1225.8069921788
1130.5167224364
1340.0598320278
1190.420969765
1212.7497711452
1331.3800936083
1173.866213272
1221.5358044158
1347.3350929169
1408.6422939374
1264.1256344105
1221.0437835758
1031.0759923152
1224.3979553473
1201.1570285814
1098.5330544062
1249.7745779267
1339.2054197028
1089.9852426645
1290.2315555687
1327.7238103332
1113.5955804164
1227.4419132365
1297.6576948685
1174.82477031
1234.5979384609
1297.1389014858
1314.8130922294
1261.6635509234
1307.9257409417
1065.0857000279
1199.2909542275
1347.0041530615
1289.0196429914
1002.6002967393
1315.0829764355
1133.8059549408
1152.6589576173
1228.3351181722
1287.6845919043
1158.2355099208
1318.2435532759
1058.8169702923
1259.5826963637
1406.5894959429
1374.1675457361
1403.2134392023
1220.7382564286
1325.3393650796
1159.5181415712
1193.6118945688
1210.5377988389
1181.2062103883
1316.7654082894
1204.6943904792
1281.4757720031
1254.7896755052
1051.4473417021
1305.7586494644
1373.0421815253
1349.8243793833
1315.3819837369
1233.5062280574
1227.9511191276
1180.7083735489
1223.3301903162
1147.5529297736
1272.8819358079
1289.3269648497
1455.346934922
1238.7153986511
1386.2609877538
1274.2553543733
1268.5841833407
1359.2138104803
1127.240123674
1236.4113559287
1178.4830537256
1254.1311634594
1218.6082401665
1304.9111524111
1073.48861805
1133.6507964103
1329.4961018838
1162.6256583179
1235.6738772844
1052.2321935025
1119.8653809202
1171.9874074497
1247.38876288
1056.9309795844
1224.5487107659
1318.2264439958
1253.5746196252
1281.9862576891
1385.618075285
1370.1485622176
1313.0992443154
1215.3194779723
1373.4421597476
1396.2913339128
1250.3648922528
1230.9126981148
1085.6162460373
1390.9921429216
1188.6480684023
1366.3560762129
1239.5728407558
1303.188042516
1413.3625842336
1311.9880872455
1454.4507063184
1343.7871358793
1179.9953252701
1288.2147590842
1402.0571362912
1413.0137104851
1201.2679385774
1165.52811995
1262.1026795734
1101.4871294896
1275.4945918654
1330.2854741458
1143.892292875
1135.7443182929
1266.6699859903
1135.7550389119
1300.1751537875
1320.1562487886
1205.783077997
1123.9075306856
1167.9033424743
1203.9702375543
1307.6861870176
1380.4656709699
1220.4124971808
1308.5350294378
1273.2843139764
1180.6327771797
1235.5763930576
1153.1798210722
1264.5122788185
1236.9062538136
1245.8524668603
1225.7253618731
1308.782795629
1270.3044926769
1277.5034989942
1103.1379547562
1480.4820120024
1239.7272615632
1302.2548940986
1164.0646151461
1320.4295839625
1242.8834178229
1298.0838868809
1341.7270347088
1282.0275310295
1395.6999987248
1187.9508933668
1129.7237079136
1161.8771342618
1317.0442287461
1470.5596486517
1218.7226987889
1201.3472387299
1304.6867257604
1287.8448232595
1256.7339695142
1258.3769592032
1175.9244757658
1204.1985457974
1260.3238930449
1192.4201239202
1182.0002664883
1318.1344737837
1361.4270655744
1308.4306748223
1227.1664499991
1206.3518708498
1297.5054303112
1263.0526887396
1216.3248031584
1300.8697524082
1279.5498212605
1314.1079638629
1206.8042678436
1188.2336538401
1087.3745458008
1168.2422874462
1327.5821319744
1225.7228892866
1209.1466850512
1286.1633210173
1262.1897645905
1253.470073689
1050.5361867124
1245.5187936674
1206.2572989108
1070.5064335681
1403.2958754664
1387.45790584
1175.2916999371
1245.8304182749
1019.7650869624
1382.6016529564
1153.2369740308
1164.1183764482
1329.1730857579
981.98180935755
1100.8802326644
1114.5636062182
1366.4711558024
1185.2699794152
1301.1395883625
1283.1537777254
1402.9018446508
1252.2167840997
1306.6639342124
1255.5768094541
1172.0169392319
1344.036993362
1378.6217965219
1088.577411339
1363.9905087854
1155.4165396501
1389.3930431963
1280.3459275627
1410.0186350795
1374.903280303
1296.2163442343
1176.4954008843
1243.7655104117
1123.4462848559
1174.8366563119
1111.0006104848
1338.8394816924
1027.303418195
1223.1238803576
1386.7744210937
1221.9804656725
1201.8145453389
1293.5916157683
1129.5843585024
1116.9183426503
1230.0576586407
1346.2721645818
1244.3323506308
1272.5776296804
1192.5682449562
1248.4120746213
1150.7813263499
1224.6983828336
1245.6897562041
1196.4830728596
1229.5488340732
1183.2563997608
1185.1889287658
1189.6246307489
1122.7464028331
1214.565723047
1104.6736600856
1147.0260150414
1418.6175186306
1193.0137303529
1353.5631836241
1336.455662543
1331.0335900801
1121.886902323
1197.7405726384
1348.8310781118
1249.575319638
1148.1696258107
1257.5528697955
1268.0626840812
1209.3912441869
1302.4410914733
1532.3382601874
1299.3386632373
1364.1998937368
1353.3335030035
1345.6394754011
1121.4073657444
1314.3711268963
1262.7652451589
1381.2384616425
1462.1645800221
1201.7391922527
1316.1411855799
1261.1224974302
1179.9038552632
1151.5126416779
1274.6244531142
1190.9056977881
1248.8111619836
1428.2322121001
1248.9369276058
1307.486846386
1294.4706314781
1250.9034770672
1336.5597558317
1208.7254486956
1326.5957283624
993.99564626252
1319.255570201
1302.0879863285
1107.4687187379
1242.0535833014
1328.7326747143
1488.7560490104
1285.2150238377
1126.9030125158
1445.8129676978
1266.851788299
1249.9643875577
1183.0504439894
1162.1065262374
1214.0241761326
1111.8632129137
1080.4082182026
1050.7158621305
1413.5653652075
1121.2076976886
1240.8727586644
1131.9701084936
1164.9601926995
1225.5301777419
1283.7709863939
1269.8606222098
1288.0519536817
1353.7391565392
1255.584305252
1367.729540854
1262.7429062661
1344.8146271467
1245.1165501079
1208.7083718742
1241.3877459971
1249.2836999762
1337.194576123
1293.7900613997
1382.4960806021
1396.1238028003
1208.9668571551
1366.7192572997
1235.115957551
1178.7772953769
1208.958799322
1287.8309197974
1179.8636315608
1269.6304313415
1283.7951933763
1202.1746011418
1443.1672257859
1196.54171563
1056.8642093135
1120.8486793537
1298.5043766239
1063.3996082614
1221.3095709388
1097.0570735005
1326.3874645949
1299.249761273
1330.6212653129
1413.5679164849
1317.5172212174
1402.5715580947
1176.6297365576
1209.6573996069
1103.811901243
1250.6828426997
1218.9739627352
1301.6096521373
1143.7441429948
1218.0252884682
1320.877712268
1501.0013778948
1159.2861175951
1056.6311575459
1340.4211978877
1206.2605710853
1264.1443461599
1372.3907907834
1487.4115830127
1131.4673026971
1331.604588524
1158.3046895775
1390.4031242226
1252.9908408875
1283.2688770569
1179.4191444752
1087.5680643875
1255.8018101233
1314.7340281882
1256.7116356843
1113.5089991185
1151.6621862424
1385.3456498033
1261.0199889986
1368.5869917898
1245.5184447879
1277.9408075442
1319.4127679254
1165.5688317865
1137.5885230113
1334.388768784
1658.1733038365
1181.8491736928
1171.3734435626
1084.9926291622
1254.0162346766
1237.2113352896
1280.8535264322
1222.4203341544
1124.2179755676
1373.6201915536
1408.3850894386
1189.3200246691
1145.2609696557
1219.1426053845
1243.6893286937
1081.8971507331
1300.1348258478
1325.7230773011
1379.891271395
1171.1799097312
1274.9602499724
1288.506951945
1204.8554422884
1180.1162272939
1141.7422099902
1351.6852087483
1207.2742620346
1261.4808417809
1163.8239910041
1088.8881345837
1375.6297302243
1229.5279217462
1211.5795966529
1469.4818875935
1133.8315378262
1185.1019058162
1464.7049373083
1307.9693929502
1203.906350279
1123.4092277664
1178.3650320111
1269.9448790509
1108.1486562142
1316.7934410731
1168.518344225
1173.0659420201
1128.4731788324
1169.4654683188
1152.1795837877
1250.4292068693
1232.7040903423
1295.8838913239
1088.9737197784
1208.2762663428
1429.0127538168
1181.3925536907
1251.3304872587
1370.9169288411
1200.6294792665
1184.2826936589
1122.8228966711
1077.4072725687
1176.7150766534
1247.8404657558
1208.0809908696
1162.6064413569
1129.28405274
1292.1978964346
1231.9754407103
1120.7002931946
1097.1677539615
1191.4559509242
1296.4524874939
1288.2219622464
1193.1605496758
1329.1148722136
1372.1343342903
1292.0468252685
1211.5113307473
1269.3495874008
1213.5518389083
1272.1619804897
1039.2585843209
1132.7179713586
1205.2370538723
1339.806148339
1248.4624219414
1214.9426606258
1272.9935566163
1301.6683409225
1133.5394673368
1198.197413183
1249.0116705901
1300.618436611
1112.749568485
1199.1180933289
1240.2375793643
1354.8550418252
1156.8110329159
1163.5568309958
1210.6625185697
1149.9821947144
1386.9870314432
1313.8384720179
1172.5322665865
1176.4947740505
1303.8321575411
1238.7902435259
1356.0890052623
1325.0596504147
1279.708244197
1411.0822963563
1326.2663916625
1215.4608241969
1205.1358981743
1128.9900593103
1248.146778127
1381.242633187
1159.2390561467
1290.9240241047
1385.3863732077
1410.2559248753
1302.7541293516
1388.4903738954
1324.9263236993
1239.4827393377
1257.9147690256
1200.0009208133
1217.4963706593
1299.9526439016
1316.591435577
1307.766707858
