1208.6919784277
1110.9771732928
1358.3526883302
1106.805447248
1280.3720359668
1262.9746146295
1372.6486077102
1351.1222368419
1373.4099092651
1230.5856851297
1348.16427405
1246.5478142608
1305.5569942444
1247.1917915129
1229.305220252
1200.6472338575
1309.5312296719
1166.6104149892
1237.7960889082
1306.6433643855
1287.62444549
1213.8831495033
1290.9374116385
1140.3951394364
1227.5016371333
1296.0905371591
1297.963971284
1340.3195382859
1209.3366777885
1420.8807313046
1281.7069362096
1153.9223565275
1400.1461367255
1313.8789358397
1188.1846728351
1427.8440041034
1263.2873122705
1249.5808484962
1372.5929251175
1410.0801315425
1175.1394048822
1334.0248261729
1193.7562415141
1377.0784664582
1340.7292617902
1442.8872305881
1209.7536152902
1158.0789816847
1233.6260386465
1124.4554179125
1275.3025814885
1143.0243795722
1151.8230876614
1380.4286021587
1559.2687612488
1101.496135351
1322.6422821199
1123.3036709268
1109.4167484998
1168.6729406493
1395.0695425844
1221.2319661109
1117.0971714985
1337.5783228182
1327.0612222437
1082.85140676
1188.838266468
1271.1616967029
1252.5946870535
1354.6181068139
1133.0970107087
1229.857017025
1373.381021033
1185.8465921527
1184.643719164
1127.0651497413
1125.093437734
1338.6479315138
1099.7493310376
1439.0853851749
1231.4150854365
1318.2594492809
1290.2781825121
1215.5892250004
1402.3570030971
1143.8391827313
1092.4265151063
1286.501170151
1237.3137888333
1382.1844334895
1360.0774690768
1287.8884171419
1208.2379795569
1219.9838799928
1236.9961351144
1352.1095091924
1109.5903835059
1268.894310224
1181.337777638
1271.0636192871
1143.5968378367
1103.911948686
1255.2073202244
1204.1948875753
1222.8691579967
1132.2029311169
1266.6029121609
1117.7174963017
1207.0638744565
1346.3584365736
1314.7499230144
1362.808029871
1205.3753683535
1245.0219515644
1273.6034975823
1173.3170984483
1144.5277021226
1262.5498458162
1292.0488257369
1320.7706698164
1218.7770133885
1292.8628335693
1153.3730007398
1323.6865386395
1115.1804350928
1365.8135186267
1205.3890499038
1342.8761952901
1198.0443834168
1309.3881168718
1161.7280651677
1329.7051248524
1413.2750011134
1091.7908164205
1311.0285567278
1183.8047083848
1163.3800052877
1251.422844667
1399.722924078
1305.9600779998
1183.9245430218
1316.5925272621
1276.5100914918
1401.5614470576
1237.8328272771
1228.460813181
1050.4592047405
1043.577136151
1285.5353742375
1140.7692535484
1304.9590720513
1178.8808163456
1214.1155252748
1384.7873196099
1374.2537741746
1293.6605210935
1237.9870088547
1276.9826701289
1153.4404407121
1322.8511139308
1409.1670601275
1114.2613499765
1276.7560148524
1308.4017632571
1360.2970451673
1242.1435508355
1045.2694961879
1107.384368741
1224.4808198883
1361.5470144569
1110.4809996096
1368.0994257017
1262.358127787
1190.1669049549
1258.8432244302
1285.3194004296
1349.6565859719
1216.1954709908
1334.0950218835
1182.8607546671
1230.3442297768
1392.8435981824
1306.3015389417
1060.3377141715
1279.6238030283
1228.253594849
1406.163683812
1114.6323083589
1190.8598597166
1324.1425550571
1005.7339637508
1128.9080023523
1235.9682765785
1262.4423371248
1093.5491836618
1299.346136604
1345.3024938797
1310.6423520664
1300.646586735
1052.7891125254
1217.6181198624
1339.5319077074
1246.859983929
1468.4183463559
1140.4218739108
1350.0326232144
1244.7066876011
1016.9590155426
1213.6796753393
1174.0991260212
1249.9323915329
1052.5806612346
1255.9676476802
1031.9898105729
1179.5753104282
1266.6710134942
1345.2619252748
1207.1874781083
1107.6729949683
1094.7311228209
1163.578713109
1213.853381605
1378.5500189027
1370.8730642096
1301.2215205918
1408.3734302229
1301.346805804
1364.1783923909
1398.0995481863
1221.5770912785
1256.0139837013
1199.5376671569
1310.3488934232
1175.7396594279
1250.2804671754
1367.2635288044
1325.3614059969
1179.5155704557
1189.3501477368
1267.9189620093
1158.2211580793
1359.4605443684
1234.2144017705
1094.2604288019
1428.0795123139
1321.588576121
1191.7268720388
1162.5998297062
1052.6231980501
1306.9159445397
1397.2620635234
1105.3431729124
1400.9881895288
1321.8101023721
1202.4846761818
1224.1839409
1116.6647301805
1278.715599004
1104.8706156916
1219.7532884442
1433.8713503617
1186.6177181636
1306.5665143745
1315.5134963343
1211.1227459294
1388.7293913314
1141.0838728549
1268.0565665072
1340.7329251295
1074.2788316694
1163.601356239
1494.6891477632
1229.1046251452
1403.3502354057
1092.1561730799
1276.5816250414
1357.2949646206
1263.1237850333
1358.0298459627
1058.6952829105
1320.8980444561
1133.0479399442
1296.8290492514
1208.2099151392
1302.5793790622
1287.7561846327
1265.2416186487
1347.3314187464
1429.9175966707
1353.1062741137
1144.4029933775
1263.1556939868
1194.4186042118
1317.5913978873
1158.7204871422
1197.6614796082
1311.9312730445
1249.2859542829
1282.9581090527
1238.2691573733
1210.2768793018
1273.2435635636
1437.7287159915
1248.0336239886
1177.1803183221
1328.8821255585
1336.7427882512
1236.4705995669
1148.9519925634
1118.7288630059
1215.898758829
1311.3034113262
1229.859489879
1134.578251098
1173.93413919
1189.8602550812
1145.8654831687
1255.5646948901
1238.8314570262
1148.0691745594
1307.1986749693
1240.6210392483
1181.3818142134
1142.7001414714
1139.0519308054
1209.2917557968
1253.6022002749
1294.5187431706
1255.1432506095
1215.6798847511
1162.2372966
1343.6823432747
1304.7094486781
1204.2984220587
1344.6116904792
1145.530274283
1255.9691184739
1228.3171575359
1257.5800769382
1090.8590476369
1350.261029072
1166.7196172923
1191.7031551874
1313.0759530333
1049.0516949692
1457.3619030911
1347.5691627748
1299.6880803583
1276.9533217167
1303.1437118874
1187.1843448087
1160.0591498287
1151.0661687595
1417.5575189043
1180.9489006683
1521.3970001012
1313.2654298186
1200.0777618021
1202.6334423252
1383.5538733803
1305.9114576848
1321.3248382823
1258.9739551338
1150.1300809466
1409.9398791053
1186.4769433885
1126.2502901301
1126.6817802975
1169.9577562788
1180.7094089472
1208.8772592115
1235.2761416283
1253.7306073853
1295.0638112331
1299.4529236695
1463.0003071201
1111.6657560884
1152.9449776679
1362.6926970512
1067.1931034339
1379.2446495648
1300.3788528424
1299.7850027875
1277.7885250332
1337.7078094453
1154.2395267123
1318.2635648793
1264.6976188272
1284.4056704723
1414.2171258273
1348.8727564176
1224.3212007446
1253.3111674835
1274.9201430001
1369.5624769802
1198.7800472805
1437.4792148047
1229.3375239474
1214.8284091527
1342.0310604932
1423.2570502688
1162.6594237148
1373.2266925498
1344.5218375606
1212.8823461394
1410.1667141746
1342.3234045498
1425.1148419673
1302.6600849246
1260.5306253744
1164.6790940122
1096.8323102605
1110.5562769884
1187.6596179174
1307.6435578938
1475.9998061586
1337.9304418748
1296.0449556221
1116.8451089421
1095.3494277534
1205.8816277267
1071.4275664361
1205.4993884533
1260.144351967
1210.5034520147
1383.7311413266
1291.0368466568
1455.0646951363
1205.463787136
1233.2478642268
1270.3887063067
1345.1042782784
1212.3635495177
1137.3460274213
1098.4083289905
1157.6996513988
1287.0497452812
1240.5667316199
1139.6353012977
1374.4154591195
1375.8980475733
1204.4504136851
1173.5703376037
1115.7091295012
1318.9510969682
1314.5932827925
1212.5084150419
1391.8987539429
1254.4746116064
1236.7292663227
1379.7922317925
1227.6636522002
1218.9938166933
1145.6763476994
1178.3804155733
1328.0995337942
1387.5056547914
1319.6836373166
1269.2814231612
1263.9351538624
1271.5254013347
1274.6181336035
1211.1225672215
1100.8790717892
1275.1728132899
1322.5615803784
1288.0713997001
1383.69047489
1469.6720082765
1334.8801571284
1139.9885364797
1110.5570210525
1282.8983297148
1368.325735127
1151.7825288839
1366.7552949063
1132.9594617568
1281.8176641617
1313.5244994935
1231.924272291
1204.3435313917
1361.5729609785
1396.2052680345
1240.2549691229
1241.860899317
1213.158164191
1233.4086622723
1295.2209044151
1578.2662770643
1231.4650422389
1327.9045301912
1238.0857291115
1308.4086617113
1151.8331370281
1322.6531250341
1329.9774590017
1239.1281473273
1456.6350057029
1416.2539453588
1086.3521569044
1505.5447174978
1135.4527919941
1369.5319841967
1124.8384115821
1278.6583552578
1133.2619762893
1250.950568616
1006.9668142996
1221.9832408955
1234.1472804412
1295.5098341599
1270.782062571
1342.2656838704
1339.9404361518
1385.771905134
1352.246147427
1294.0139179511
1252.2734180958
1215.3872476161
1210.8052747425
1232.2959693066
1133.0460936541
1364.8021047049
1296.8702396262
1355.1620365283
1231.0115696877
1184.0734711248
1191.1734178253
1159.7235638693
1231.179765365
1343.5011553052
1112.0278759363
1161.850473753
1396.915612322
1458.6219079687
1286.5264458496
1414.2353168529
1347.5972664109
1259.2351478967
1502.6276677443
1098.5661891455
1380.0151062539
1292.7639415298
1252.1177795441
1182.0414537718
1358.0908158401
1187.2728625993
1359.3888270193
1278.7568504502
1255.7323837948
1274.6759953004
1328.4041933505
1192.0031608324
1443.2589413
1226.0023954924
1173.7319609349
1324.408394894
1255.8002387881
1181.1005670612
1294.0855166864
1279.3938170734
1328.2800073825
1182.2669258782
1215.5803325828
1162.0077174404
1176.9700972183
1312.7363720318
1405.8916299701
1303.9562633682
1317.566325247
1122.9228497323
1326.6205476178
1237.6637917968
1185.1303244449
1293.2079499003
1422.404002807
1251.1966763558
1088.8758434613
1288.4087590787
1243.4134451433
1320.9045650909
1251.9088321845
1228.4776948599
1131.8477858551
1294.7535699859
1200.3018208657
1354.226765726
1200.7001002805
1165.468077277
1427.2630661615
1305.5769354593
1304.2494846992
1321.0218205476
1398.6944338576
1131.6077741329
1217.2752883258
1201.8869624847
1260.4065224005
1318.9046109324
1313.2061950748
1312.1930515662
1113.2774348817
1447.9302968878
1198.0064605392
1217.8142951798
1361.1898789548
1461.690207053
1192.7449235767
1345.9763780365
1204.9886414404
1412.7721713076
1055.706944156
1227.9673509497
1185.8532370331
1411.9896730457
1132.4881444404
1303.5267151693
1310.9754123568
1287.603737199
1267.3509092595
1098.0179599329
1001.8702073509
1456.7710964062
1207.5560317833
1323.1430385325
