1311.6825327439
1419.7773227069
1358.5468947579
1132.9407311553
1343.3849725852
1403.789555373
1306.6426882436
1121.9778938852
1192.2780353322
1284.7726835846
1181.3173653673
1234.4082195539
1229.6650026984
1207.1729139695
1359.8411982853
1150.2446767597
1267.5307628069
1392.7134026538
1260.6852149397
1079.8121110559
1359.4722689992
1368.7892643982
1202.6680504705
1337.1718616515
1233.7994377867
1095.631436727
1378.0026180551
1283.6801048098
1205.1661498485
1156.1195323714
1154.7808771912
1242.5680624078
1259.9568701426
1280.2884878885
1301.899496907
1243.6236167329
1316.1610508344
1264.149182362
1093.1722386196
1245.2597814429
1238.917026129
1237.4494797917
1374.5952717132
1281.784950585
1199.3026216155
1207.8389930952
1247.9905677024
1145.8125908934
1308.4695071476
1264.0697906351
1246.267369018
1229.2801255674
1285.050111764
1336.8636521627
1279.9681773254
1311.3800899577
1172.116185406
1486.5329454524
1126.2908422726
1314.7953131461
1320.095526746
1271.3595444621
1290.9124389257
1059.7927928308
1315.0731545012
1242.6913654268
1249.0209238264
1341.4874625966
1321.3223997658
1393.9658689429
1376.3603535407
1162.1005745283
1374.2482646643
1319.5115855832
1210.4044493771
1277.1124047351
1259.8249296537
1288.3170449925
1423.4552353894
1269.3795664795
1330.0441524443
1057.0948429466
1319.4013955546
1204.8646087892
1181.5972001562
1354.1467660631
1155.5829772762
1403.2477946577
1207.0569522024
1270.7280740822
1266.802385115
1224.4298273161
1328.428254658
1218.7838034247
1193.3798213948
1251.2269305434
1246.056902092
1192.6193640665
1240.3532346372
1419.7392878789
1268.5184036887
1339.4812549875
1255.2077943269
1276.7844304073
1345.6418312608
1225.3484475
1209.4953393432
1179.6340492378
1241.4561513332
1288.6350428019
1318.6794800262
1259.7161545778
1253.4738366058
1316.2321274629
1252.1632774086
1301.6493432031
1099.8633503562
1280.0277022921
1382.2775047505
1136.8955220949
1272.8622312728
1331.7269277113
1282.5207854913
1360.4728476523
1249.2321023678
1179.2378665031
1203.7364688643
1383.8149705882
1328.648391043
1143.6917609726
1217.8427750243
1208.3925262059
1394.1973660682
1297.8455313143
1266.7290760942
1235.3134486109
1136.9876862668
1263.4424318172
1197.7453468034
1333.0835169785
1195.817647089
1165.4323474744
1310.0630554695
1290.570817281
1178.9990804724
1326.3977674149
1194.8973839868
1348.097670043
1265.0435905051
1440.117378162
1332.6801095882
1464.1323551208
1450.4444484025
1207.4459287988
1057.1149462568
1226.8538843655
1117.2480515151
1262.5682725249
1129.1752840537
1130.747473397
1219.0051206531
1282.9766859449
1142.3949020576
1414.1542120622
1384.8440691292
1256.7933120107
1306.5716165303
1309.5356875062
1258.2744885818
1288.7613584155
1209.2367617139
1230.2436596888
1333.3955431046
1081.68567309
1197.7892150321
1311.8970239008
1212.902968404
1214.641801555
1338.3372253517
1476.5261670047
1136.2593892803
1218.0019362834
1320.4936061597
1228.4284712883
1288.4221422449
1000.6557221851
1387.9716825634
1360.1111522482
1345.1828182124
1341.7204611538
1189.5982088189
1097.5966996391
1363.0619253819
1010.1166815224
1169.2925008984
1275.0896233255
1178.8976670127
1122.3826518624
1083.1643352319
1192.1126028348
1215.7175827654
1276.5759200198
1124.1368148766
1319.076863545
1138.1657654301
1182.2316430561
1127.5349192662
1301.8754340436
1085.2606194004
1299.2336412752
1043.8873626996
1338.6725564083
1336.5235279138
1448.5401098399
1062.6294368558
1220.275738683
1243.7726780483
1120.2408433525
1219.9933751006
1206.2018438969
1332.1925612129
1162.9660615183
1324.6577072873
1257.7769596129
1381.6742637877
1624.4953398799
1280.8951823236
1066.4853331268
1501.3032677768
1164.2985615656
1229.023559739
1161.8759265891
1386.7717431242
1305.9109852395
1204.4953697182
1274.6768778656
1250.8219138438
1264.1836624277
1119.0065588115
1231.46972713
1194.2030478473
1272.7725003557
1330.0732176459
1188.0291683106
1332.5070096964
1259.4111730926
1297.5871470658
1301.8837197913
1224.1217586157
1188.1885954018
1398.0856491434
1438.2896708035
1247.2285224196
1263.8573321893
1267.9052319593
1327.7517712193
1281.4337687287
1199.5559195862
1234.6524524028
1235.8478944422
1333.4120792028
1273.6317422698
1226.6931216546
1245.3692379574
1137.4511878615
1210.002452118
1303.3049707833
1413.9564229937
1239.2719110127
1160.1568998284
1129.6897095662
1359.6749656627
1086.8968794235
1394.251326931
1378.5445479928
1232.3101612326
1099.5540922638
1314.4399581471
1282.2725136613
1345.5555359313
1183.5896085048
1084.397370384
1125.9129073579
1244.4065993325
1264.9564408179
1436.4718598
1223.4183354722
1273.3108360579
1294.732797633
1328.884408007
1321.4828237242
1305.8663137847
1265.8261307002
1193.9245593333
1290.606389177
1476.9832639192
1121.8515970907
1065.9617096699
1260.6716107955
1185.1004584932
1233.65590496
1331.7287221737
1290.2384958622
1309.6585939527
1211.538540018
1142.4325668501
1423.770539062
1076.1256268358
1260.6362531273
1239.3525530865
1008.9586631061
1190.858945407
1134.2214249144
1355.3447085769
1379.2816881589
1249.3175743286
1304.2249554523
1206.8265532772
1174.3233021115
1119.2301844858
1169.1155122957
1335.3724010048
1217.5661848356
1418.1400911646
1282.5089470801
1299.5962839975
1415.7315324894
1366.2078410199
1047.8628264541
1134.4153540093
1116.2614148331
1192.963565805
1126.2882039739
1275.1233068844
1286.3625834237
1184.5192750737
1253.8937228992
1458.2741667355
1278.9776614063
1263.3535659174
1351.8841800387
1136.8805858344
1264.4539219166
1308.6965441235
1074.7193438608
1396.5034533042
1371.8855896565
1326.2915691414
1172.1768160453
1311.0702128373
1404.3122846103
1015.0595031119
1343.6595333768
1277.3189390197
1218.7342328899
1361.4014671891
1258.7461246518
1174.091358817
1244.6511033255
1240.4098147721
1317.0434804115
1272.1905209867
1323.9363626191
1376.2688780461
1366.5424424496
1413.4526226553
1115.9904860512
1266.6377312762
1325.6199119675
1223.053554838
1278.3873002566
1335.3260507975
1290.4591476303
1229.5498344852
1300.3502457039
1315.1907150955
1189.120881799
1235.790523788
1318.2529842477
1187.3736184616
1153.371288856
1341.4454356023
1278.3664596156
1282.2794988017
1251.3742708102
1126.6983472131
1233.1349833423
1272.2547961457
1265.1792824082
1328.1732243427
1264.6776727915
1281.4701151124
1190.3313154656
1336.8471299252
1531.1725518801
1324.4676043496
1268.2936595461
1196.8795566844
1328.3053305944
1195.474551208
1423.9882208575
1109.7174359204
1071.6157508767
1324.4859907268
1655.2133790443
1227.5205843223
1272.3366925169
1197.7163351468
1395.0434617532
1139.5451327053
1306.8094881648
1309.0421304458
1354.3642273206
1159.2895990032
1218.1005438892
1411.5975874856
1234.2592543245
1351.7447244047
1363.1355028658
1146.6498511781
1231.1534995061
1006.7428314239
1195.6876766118
1278.0261269016
1098.500636919
1118.7434766153
1282.9808371118
1325.2933093354
1438.0894741211
1225.2481704021
1246.9260908144
1210.5112654032
1202.9852840786
1277.8446627795
1250.8684956091
1132.2503627064
1380.3908453177
1265.6322482074
1221.8394863206
1123.6456460742
1388.0940177958
1123.550502247
1232.6774694497
1023.1473737309
1119.1528154854
1260.8704570238
1386.4903345808
1188.7647898243
1255.0511990139
1307.1395853853
1292.595451148
1207.3293669235
1310.3098962159
1369.4307548775
1288.6092676439
1242.7490362883
1361.3226720509
1244.4091423103
1438.7576809464
1364.3280758349
1117.0890579724
1250.6142220529
1361.2232286157
1133.9623630749
1214.621656046
1330.0629684545
1155.4455025716
1361.3676745246
1243.3515470202
1398.3193663645
1168.2837141517
1136.2975219338
1181.2964548411
1174.7992131603
1201.321401124
1344.46840982
1302.5336774692
1280.2314304852
1219.5169638371
1290.7064132196
1332.1181857716
1022.3863606348
1214.1774688452
1163.91979908
1349.5832316372
1184.2262580293
1215.5247231692
1389.0810641681
1042.151867798
1260.5730524798
1204.4569124145
1228.6990423708
1341.0091956467
1210.7024496917
1326.1290439352
1242.7328928135
1069.1901926315
1242.4255051645
1180.9422750906
1411.7384675177
1283.5500376982
1208.9405335805
1207.6653481204
1171.9341462443
1193.7286620476
1250.0895650102
1206.7410990177
1433.7499570333
1095.4320019315
1376.7308762811
1263.7616442192
1264.0356016945
1321.6825714807
1063.7932526884
1160.9541263002
1166.8415058523
1326.6249753017
1363.7428943737
1231.7939132029
1368.1017875476
1316.5556632644
1366.4966372906
1186.2636564528
1292.0365586083
1099.8512521649
1175.1706812612
1193.2878197718
1328.1035389018
1364.6320697045
1282.028543979
1300.588140679
1300.0245678475
1244.1928354196
1076.1892738909
1403.1213439137
1261.2189356746
1274.0455993843
1289.5224321707
1098.992974158
1203.7993179471
1262.664967842
1242.3656327583
1329.4973902889
1133.8294649405
1115.9445527756
1146.7890902689
1272.6371163633
1220.0362063458
1332.7007923832
1298.9104141888
1460.9463460374
1351.0092773814
1370.7389566057
1095.5923309811
1331.3977597591
1379.0377452785
1275.9647651472
1263.0349105274
1164.7751944694
985.3597205847
1414.6338108191
1205.2759395902
1202.0520843734
1099.9817785567
1119.5831354848
1234.1914539059
1401.2986674481
1371.6095164024
1343.7995631829
1224.6923072548
1099.4546848775
1360.3647835905
1240.8089678434
1205.7800959354
1272.0084051508
1239.5765155155
1214.4891388043
1199.8439483325
1268.0613983624
1308.7776913321
1096.5814464833
995.17593945165
1342.6250827553
1234.5247100808
1189.8017619002
1218.4477523859
1341.4170164099
1343.4894206203
1295.6991153426
1110.4769793802
1286.2967346415
1313.2226784115
1231.2832136255
1193.0097818537
1177.9055306997
1328.8062221196
1018.8064583511
1379.7020463075
1399.1180609823
1173.4680842306
1196.9133255558
1242.0854512455
1381.4949697699
1198.456576897
1288.4370588374
1090.2473069743
1311.8998272286
1231.5840810999
1190.8563800768
1197.6915623085
1113.4749525789
1092.1918900211
1381.3557287425
1280.9706952906
1340.9730684545
1167.9854005818
1392.3504373716
1178.2243703763
1233.8905634518
1322.6736822459
1295.0103665912
1155.0700651104
1156.4240414171
1230.0370678558
1188.9778127676
