1175.6681912587
1221.03496228
1203.6076607023
1285.2764451615
1199.6079802688
1374.4145871105
1197.2278504743
1322.5685962222
1218.60229817
1161.1229616813
1331.8461352027
1491.1031374859
1265.1580271851
1291.8283363017
1267.5764972378
1236.637442557
1372.9057138049
1306.7840098397
1258.2240464273
1330.9965597877
1217.4285050728
1327.0616535855
1334.6645550528
1379.3305127613
1540.5205971269
1253.1892763083
1258.4198893022
1326.9809696532
1274.67595226
1380.8051117698
1294.0308682337
1256.7241690731
1237.6803092956
1201.4077467528
1423.6034716635
1149.9701083652
1198.4044089461
1308.3243867895
1164.9486214139
1265.9164303781
1249.3152486137
1279.8792954456
1264.3022720572
1366.7621989925
1160.791164009
1256.5817159454
1116.2782243896
1278.66738618
1349.7696837879
1217.2636854987
1230.299826527
1247.8541524125
1319.0298530651
1135.5118596338
1312.2570213564
1292.5394695021
1317.5890245617
1094.0920547505
1123.6567073531
1232.09399248
1183.7928838303
1288.067408855
1338.5617987787
1404.5115372561
1221.9748710468
1123.8079564689
1222.3697479033
1212.4332405489
1202.797561812
1265.571261057
1312.2578558912
1151.0886967235
1185.74788052
1350.0848746371
1150.5698195862
1466.482110488
1186.1204714705
1248.6426986366
1341.2587755753
1134.5747304684
1379.9083353615
1301.3131194297
1254.1368697486
1252.2451686665
1282.4457005209
1383.396327975
1241.2421024286
1385.4068852453
1207.3819898382
1189.0174226744
1130.6957404203
1258.8920483624
1275.6609089063
1237.7503996238
1327.9537219956
1275.315958524
1072.3025010932
1260.572108034
1222.8887656747
1082.0577799724
1283.1433341467
1150.8867007315
1256.6218249937
1263.3469146683
1121.8242382667
1340.6484060552
1346.6930965865
1095.9875671422
1294.002051512
1199.0880659616
1115.1240255601
1468.7113626638
1260.0797480989
1259.9989550209
1249.1366714706
1150.8928483373
1324.2094433967
1124.3991074606
1343.0908462217
1187.7564874595
1284.3405246614
1122.4305876004
1317.572277049
1131.8944695767
1277.480184633
1408.925338331
1294.2870599358
1365.9518694129
1216.6719649782
1303.4591746574
1254.2889704445
1294.4297572218
1207.8816153195
1288.5645192236
1317.6206884863
1131.0069120302
1200.1842867012
1201.9457223746
1138.0138205732
1180.2537627173
1174.6877799305
1295.4819934274
1090.7331653559
1084.8564258474
1224.5017088453
1171.790005805
1176.0817464516
1314.2178146806
1202.4099495403
1212.5947042546
1118.3032771811
1263.3901256752
1390.3259151567
1329.1938912159
1132.9670902386
1185.4951805464
1179.1568411742
1456.7685094121
1263.1098143171
1277.169781163
1218.0430796307
1273.602169413
1320.7062147945
1331.8077884908
1223.30939914
1129.8927600079
1118.9069598812
1348.6622456441
1150.8192638403
1238.6538440114
1203.6048524575
1391.1310163547
1112.3534001059
1043.0608590419
1162.4898581706
1193.0387016263
1263.9594578541
1358.2753509523
1242.6467450652
1350.5170812239
1214.6162390798
1379.450991792
1275.6419356495
1341.0321307566
1259.025516536
1156.0471908363
1329.9196595211
1094.0385051546
1164.4987939789
1185.0897553142
1103.198487423
1210.0714478096
1156.7377866341
1246.2656342958
1411.2555965431
1202.2480401133
1315.1586275537
1219.9137409716
1242.2841414191
1390.0634079562
1211.7348698072
1320.7746847285
1215.8548804843
1117.8069960746
1427.695396888
1176.852198297
1405.3606034831
1259.1966821729
1282.5806752116
1415.4815159343
1363.4709868205
1307.9208414136
1288.5024058805
1540.3271225225
1291.2558025867
1166.4013415381
1293.3870128095
1229.095348718
1381.9651866583
1181.1326671429
1219.5297137743
1224.4672720472
1307.4074804075
1307.1584500411
1135.3873506553
1232.7072037868
1257.9380483929
1290.5601293171
1310.7040304816
1224.4126198215
1397.0443681214
1178.8865710437
1274.534441725
1320.2450241543
1128.7523708774
1239.0646445139
1364.9585602091
1159.6896902565
1423.8455960641
1307.4519165603
1162.6810699983
1292.724791914
1312.4564822298
1178.609331734
1205.4054682778
1215.6554320669
1339.5343790781
1091.1845772118
1371.3756396975
1271.642547539
1112.0367763438
1179.9442635758
1374.8338784288
1246.333720395
1231.4801406072
1275.6761272563
1256.0171170898
1207.5118644578
1133.7201284088
1340.9172063923
1258.8490561119
1225.829794411
1237.3116347201
1283.1782047842
1125.0366590093
1514.3698385602
1252.0620112564
1262.0868070365
1170.1866996699
1223.612366003
1227.0511579307
1053.2741436418
1317.7017576612
1258.2125579161
1159.8617947001
1277.4867345162
1155.9427538985
1310.8622488725
1504.3389149781
1163.2589813899
1215.4357078123
1298.1231427837
1554.7879290471
1185.44731869
1227.4032910141
1248.4578134562
1270.7778975523
1222.3490299005
1224.693952844
1267.6933850512
1185.4258552975
1272.7485665503
1163.754915238
1442.571802741
1305.6045816787
1310.157026452
1311.6659804666
1238.9268286099
1346.1171236669
1245.329802768
1207.6987347317
1333.1574844105
1323.7469056053
1138.0549724086
1210.2952206954
1159.8954663559
1127.5158234082
1293.8343775116
1276.7879633992
1350.6821400832
1284.4196043369
1325.10573506
1161.2837416914
1132.1842530855
1184.1272495
1205.6059132024
1220.0697186006
1256.9696386953
1126.2504434522
1326.9042186636
1264.4640023871
1347.0443493201
1347.9070196457
1173.778049928
1311.8947391402
1368.8279822678
1458.0911356343
1230.4548029625
1315.5117920484
1112.5008059106
1359.920614276
1269.1752897507
1378.8027130435
1275.4456961007
1397.7563688713
1144.827558824
1229.41598499
1247.6458130444
1232.8003170507
1394.4714324338
1198.6763740261
1257.3458336658
1237.9277465022
1286.1681782881
1201.8983136229
1067.4586269432
1156.4028646691
1275.2491774513
1263.5651118515
1290.7003619139
1255.4975993642
1377.681794821
1240.9024725237
1236.3601716458
1262.0148580331
1075.8745116214
1315.874601864
1251.2582080156
1224.7629603058
1325.1348701113
1093.8857254095
1142.8122539192
1463.9678113162
1355.8180888637
1448.0114144426
1167.7877262726
1275.43207327
1162.3787173315
1404.5416848448
1338.0026483267
1455.732899133
1322.8866244266
1214.4773483909
1204.2100485646
1373.0835203503
1328.5758064103
1270.1172597983
1234.7455791266
1376.1602960898
1266.0741280707
1353.5200938747
1148.2926992789
1252.9789624939
1385.547937525
1441.0906750263
1362.8535513617
1359.384005824
1080.4339886072
1436.5508941214
1354.9112002253
1253.4953974369
1244.8495203953
1340.4370081228
1288.6885257352
1375.0526100093
1399.2415417315
1326.9453254327
1115.9846684026
1181.0013256512
1480.670785435
1264.4585555542
1210.788071044
1275.9650392238
1166.9483288487
1380.4424487738
1208.3762261515
1227.2928206372
1100.5199531523
1299.7776234236
1135.4112716561
1206.5464689629
1299.56694417
1372.0613366809
1264.4799521602
1297.1126609929
1357.6326943654
1246.2297027659
1188.5173037225
1304.9702491601
1262.4421639649
1289.1987861189
1225.5253527685
1170.8658383631
1319.1555410698
1192.6129027797
1348.9157196198
1446.3581781003
1209.4889901545
1360.8321501075
1323.1022361581
1215.1503305202
1295.6952116367
1160.1858823688
1448.7534572695
1290.6979016328
1200.1071763377
1276.839798208
1400.4181007753
1215.8166197233
1072.0678198036
1148.9416909433
1267.7913160159
1134.1626046176
1095.9219015971
1326.9947670782
1104.2983857597
1254.0523247396
1412.3379775932
1048.1327071857
1324.1244212787
1318.2621742134
1356.3390345448
1314.7391660016
1218.4973476422
1225.5938735031
1170.3593865485
1171.1764341997
1195.5895095132
1431.4901526657
1238.8977890125
1440.8772815662
1293.5696860449
1390.698446427
1153.1210498367
1273.3463482276
1254.7944257281
1348.1937943207
1256.0407342478
1257.3218227924
1281.8619706161
1276.8608393069
1261.6333518756
1142.8307238165
1382.0305880344
1236.7583326147
1209.7096388224
1345.495149643
1165.4160578064
1086.0353917369
1293.9679058204
1388.1956884153
1103.9747875266
1273.5082996598
1228.5267964611
1192.7195041091
1294.3626386859
1231.6523902412
1194.8974377545
1221.8044922961
1491.2208925487
1489.5797501692
1400.9503193111
1205.9400463645
1177.6604792425
1324.7051015671
1249.057453065
1336.1206172164
1179.2907714651
1331.5299549782
1278.8178814583
1116.8113266136
1289.1577291062
1241.2702128742
1059.6780991485
1212.3343051431
1381.8444137642
1364.650635758
1234.7500416936
1439.1480732033
1182.8464661713
1354.1719464495
1090.0679388737
1233.7437862533
1219.8004142334
1178.0406035774
1280.126776725
1058.4130572818
1284.2154534745
1374.5440434554
1215.6586131165
1253.8173658549
991.02359484852
1148.3905590334
1159.1367795696
1268.2417772965
1194.555384085
1278.6360344637
1164.7094270013
1172.5875127344
1246.3618552055
1434.8728567155
1274.7489126871
1240.6805456317
1055.8743281115
1357.1034171129
1346.7294409569
1132.5609906897
1380.362188853
1205.9929891518
1116.4869273251
1352.4942103548
1132.5248070885
1272.6187573827
1238.3587697091
1328.5203335421
1316.8767173103
1250.7949848413
1182.8503717381
1225.2039880713
1030.9975571583
1267.0486432665
1247.9238086603
1338.1871729009
1285.2448752344
1352.2187741808
1229.9885281395
1319.6873746034
1023.0870193431
1236.2307604533
1478.7438014149
1279.288416369
1296.1819622012
1129.765234534
1347.7631328358
1193.3091841585
1262.9305564401
1273.726386341
1090.6068779753
1191.8642926414
1277.0407374346
1282.6067527474
1197.6875424535
1370.894925733
1313.0262219231
1202.0035714125
1155.3721186925
1085.3902535028
1184.5127543326
1160.4091681256
1212.5996195942
1387.7704141165
1293.2057510564
1332.786797358
1057.2258285781
1145.9693184609
1325.3509984713
1163.3629694732
1110.8937271081
1235.7560213742
1259.0908361126
1195.6935829414
1297.1409216823
1065.4113337228
1365.0602400311
1197.3628075494
1225.5927151565
1062.7246246962
1180.5081691949
1349.6416943408
1248.8548456284
1228.2493950726
1360.4280433092
1326.9217581204
1138.4921142366
1251.6248286863
1322.0557713447
1220.0876246875
1223.2901627373
1192.155374542
1429.168406042
1384.3390021689
1115.6414918231
1255.6821794217
1268.3115996114
1263.0063675018
1419.8771114203
1092.4783686879
1188.8148032936
1372.407664403
1082.7047393116
1198.6175355888
990.83546276108
1371.3369865175
1275.5935853229
1273.8253542869
