1133.9314820383
1345.761726068
1401.247002457
1279.1533827095
1123.9741182063
1455.4073595435
1227.5262553853
1405.4403757412
1305.7252525413
1209.9195874491
1220.0133985342
1348.6215247199
1235.020365803
1262.8315904934
1437.8419021234
1263.598751687
1348.6247394268
1121.3719773733
1315.5924948234
1126.5552570573
1173.1465516418
1171.707140766
1258.1536147263
1177.1123407111
1147.3620982196
1494.9834807651
1246.7024387435
1194.9474269901
1266.8273338191
1263.8689993464
1222.2341211427
1316.5429419612
1350.201653022
1226.5465099974
1289.0061820093
1230.6954186494
1185.7079476672
1123.5641195111
1186.4313130092
1151.0894539261
1252.527956663
1187.4761003204
1246.8170582138
1112.3350084792
997.58203948775
1258.9175935422
1404.9256455336
1228.4217194527
1288.2513174864
1268.2548770481
1309.2673563607
1310.7464304073
1316.6599046089
1106.3550513311
1101.6564799902
1096.8992082521
1268.8960125019
1398.4895382172
1059.5141368905
1295.6603092295
1330.8081200652
1390.9864848559
1130.4836323281
1203.9546304673
1264.5910774167
1290.5455854079
1106.4707296557
1149.7618669246
1505.7965689936
1232.0524786704
1169.6481931155
1273.870817482
1159.7333126975
1303.0145348792
1212.2275090242
1205.2071334145
1264.2901405353
1174.828059637
1262.4713945266
1227.5631694387
1018.3307101946
1213.0171488546
1173.0016454686
1295.6249265998
1263.2625378085
1291.3439815312
1180.4381488449
1193.6229168588
1188.9570061304
1346.8085475129
1420.2718685309
1132.627995191
1353.3144431323
1349.2974490689
1178.8884902303
1209.4953275478
1235.0783371492
1132.0772250849
1226.9830982642
1137.4931989325
1471.3933362753
1300.0301067544
1227.993409631
1349.2212088276
1209.6510844707
1362.5749575369
1298.005518984
1265.3969709243
1310.7979167097
1110.9315755361
1414.6866193218
1368.5919271575
1339.6370886899
1285.9163623077
1341.1769463894
1175.8955959195
1220.3880443827
1236.1769143952
1108.891038575
1306.4548297291
1257.8862553398
1287.149622062
1087.7363880603
1351.628229825
1337.7038317611
1189.1833119874
1213.923367798
1129.5809653122
1280.4126765006
1316.1985995556
1147.1563764086
1150.4475572067
1191.1989891647
1153.8451372758
1103.2845514826
1374.4623345833
1117.9279206662
1154.2023033789
1192.0694870731
1398.3117018379
1151.9519671545
1104.7571412494
1271.9850619376
1339.8408549409
1112.7883605593
1311.7978792741
1391.7269576093
1186.8086527517
1255.0387595035
1236.819701851
1418.3876626203
1256.8383476384
1252.6805696389
1198.4611983335
1190.1613392597
1396.0428709505
1195.6349564959
1229.5891087113
1285.3055611476
1360.9944607417
1161.1721704068
1204.2150178986
1122.4322051803
1091.9240266749
1334.1299642585
1269.3728678947
1255.5711973666
1302.6501296814
1224.755475262
1383.11000621
1154.8482636376
1396.4131611493
1279.7336672953
1291.7868256413
1224.6168860212
1377.3137916549
1255.2220918645
1420.2673221605
1223.6254531468
1221.497831896
1331.5051338913
1348.2672849528
1113.1968030689
1197.3128592787
1247.7966461359
1313.1225371105
1078.2430946783
1341.9977667668
1098.6167574807
1270.6483847957
1191.1447390823
1275.1089810127
1303.5493311729
1159.4483583605
1085.0377151658
1318.2747240655
1327.8542871149
1331.151337709
1205.2989752686
1236.1578578513
1255.7941463092
1307.6103730657
1151.1233427407
1302.685027151
1129.9026029165
1127.5192817234
1308.7065869804
1346.4858379599
1175.3188248588
1211.3404446736
1183.6478729325
1169.2994073993
1030.6494740325
1214.4312754408
1284.7755323822
1315.0051912829
1223.7024475932
1170.3991813549
1261.9006457506
1166.1308292383
1288.3615667523
1248.4771986295
1111.7084697413
1219.8226031791
1269.9512702329
1066.1622645535
1257.2629661031
1154.3736570825
1082.168718423
1386.7728375808
1343.6632071002
1277.5705119942
1345.6097278633
1190.7858395264
1185.2532291133
1299.0801468383
1323.912288795
1494.1570008206
1283.0401004859
1192.6357234339
1170.6265969911
1105.5980029459
1301.2175253964
1367.977225881
1308.2578971449
1350.2298651341
1236.4601893865
1178.5842246867
1203.5855596985
1146.6318996414
1169.9910469171
1106.7171668306
1387.9727627429
1352.1716131736
1150.7865829599
1172.5508265878
1420.7953200211
1267.991357137
1186.7984064559
1257.8828621465
1187.3515705445
1191.1238706613
1296.2423698814
1251.47608274
1192.4028798137
1257.2531158919
1249.071334709
1372.9381170499
1138.2026931096
1263.5133796369
1272.5288680044
1308.0313199187
1124.4985500527
1210.605366333
1360.2585776937
1268.7697162739
1319.2171066387
1258.5745134393
1281.3013083804
1333.4375546415
1231.370549531
1273.0561632126
1424.0668609569
1372.5300552169
1313.501958071
1327.9764469079
1140.0607995606
1020.0328459626
1390.4517656253
1166.0979923656
1391.7840028637
1163.0891909616
1066.1011538938
1190.6375891528
1273.3730931074
1333.1545427292
1186.7808431657
1341.1048821818
1206.4741598622
1145.7417077551
1102.2706073805
1118.2212827849
1456.8718652421
1130.9870096627
1367.5675198915
1304.9055845837
1533.6615072672
1213.4011784098
1024.9809478214
1123.049135995
1125.4754802473
1275.8457441887
1288.8852526782
1228.0036797899
1142.3742422778
1443.0867031306
1136.321922621
1217.1263967965
1275.0697554161
1300.8670718906
1192.2590633315
1227.6533268439
1339.0707419013
1194.3838204611
1181.7488881232
1173.3491334262
1254.1766224003
1457.9558155453
1162.3796891649
1172.7392300793
1282.4401184466
1332.9326338608
1210.8492471923
1284.2777847865
1282.5282399706
1162.8465950109
1295.6256333602
1203.7661747071
1383.7650341402
1277.3550832518
1391.7783524025
1264.7106918511
1278.4489975958
1339.5461546104
1295.8713497663
1345.7307997045
1047.5919992756
1097.7154566383
1146.7534951201
1160.5688751933
1288.6374893149
1156.1171716421
1297.2170004817
1200.4914676408
1250.0145996971
1434.9490089277
1244.3796273691
1244.4918736613
1505.5080925911
1162.5842230661
1159.7699451546
1278.9018626965
1254.3026345441
1233.8144813734
1317.9355637725
1550.9949700621
1107.8155726658
1323.27453488
1311.1365651627
1240.7092175606
1329.5140458592
1233.5555199094
1170.3530897636
1125.9389152595
1382.7174911876
1238.7616876452
1431.0305959999
1286.5320356663
1057.10970564
1124.8999831598
1101.1970825346
1172.6136311463
1170.4686102279
1122.5924597608
1141.0100347099
1258.5763046388
1411.1847112732
1302.844524087
1167.4651745438
1085.421682656
1241.6672259436
1263.3849527984
1296.6031337478
1273.8310194915
1283.4065879608
1238.9238571605
1273.6684539855
1129.7102499074
1301.2766267011
1320.5160790432
1276.5996438502
1283.9692808659
1377.8023511534
1349.4834538492
1390.7978058147
1188.4169589769
1361.372293955
1286.9297106783
1176.6220397012
1073.9755542978
1309.5362968203
1285.144967764
1356.0644671098
1403.050844516
1222.3701874806
1200.0655158028
1174.6624908291
1071.4806227618
1222.6109184653
1113.793727587
1081.4667691511
1273.2147501525
1228.5950546089
1437.0964213187
1253.5427668616
1038.9286022946
1332.9197390598
1176.5773398597
1406.1403539975
1516.9869719398
1122.749829462
1325.8658425837
1213.751458275
1272.2696746651
1251.8647827137
1220.1934441992
1255.448763347
1160.1847284613
1258.6130031352
1249.4904373015
1359.506228542
1286.4523370779
1103.0794703756
1343.8111785965
1404.2956868848
1257.0490611876
1159.3253082469
1197.785049656
1256.5802209062
1396.2749359107
1275.0640243469
1250.2120949475
1307.861999458
1445.1592479241
1207.5602211518
1210.5559805988
1125.7117272138
1219.1632993927
1132.863615198
1154.858253637
1307.9801034633
963.70434383409
1105.1420609177
1166.1002753253
1403.7809906257
1332.0022665837
1243.0948062297
1211.3240515703
1457.3748242957
1115.0616016827
1363.7443729097
1390.9823383265
1273.1868094606
1278.8700231189
1220.3644805824
1334.7629488132
1253.6731588008
1280.0179499057
1130.5748862752
1263.7170178302
1136.2708825083
1340.6986062931
1223.6855920277
1598.1579988654
1448.8032654186
1393.8215383311
1334.2036402991
1389.2241890354
1306.5997709412
1145.2323146238
1196.2036392401
1193.8979004377
1299.1845347157
1230.4490972814
1105.2554547467
1351.753555655
1166.4083334563
1307.3857869946
1336.8836754364
1338.1093069586
1184.6356490254
1411.2383916405
1106.194695376
1255.3440359342
1303.5737463175
1227.5406428911
1419.6078520814
1135.7814253855
1309.6095852312
1325.8799166366
1057.9446888863
1329.3445706917
1076.3207950903
1731.2532691577
1339.629706025
1394.2108205624
1067.169692165
1298.6015625541
1143.4078846514
1386.4780430166
1297.5939756116
1072.0981871509
1312.4650878008
1157.4662180402
1354.1827218108
1210.6702284664
1104.2758466398
1264.9129933726
1315.6482185747
1369.1195957779
1201.6460389696
1177.50156102
1211.5314002689
1228.1301557341
1257.0859624343
1430.5358805386
1302.2971345677
1404.6917193701
1284.0543320595
1048.1082091096
1214.3615202844
1138.8555009445
1155.5204882267
1252.8757629847
1483.3335040164
1207.2292602766
1246.2923310594
1200.5356917158
1331.5141104547
1034.292143426
1194.2293650327
1347.3404947537
1288.344885496
1236.2077291576
1127.9717665753
1191.8330122465
1396.3137423721
1282.7758440332
1061.9855789214
1315.3603762586
1174.4713837942
1257.8807806328
1220.6456923495
1233.9288488538
1336.3989052553
1292.3163574741
1300.3128922659
1141.2797272696
1158.8778026227
1139.4984095326
1411.8969143074
1380.1473447319
1172.3824855369
1177.9763945327
1486.3542696476
1238.0781531886
1342.1204784323
1249.5857356083
1279.5979058962
1227.4126961821
1169.374185667
1249.1534474295
1177.0892756241
1070.8209619941
1263.7023721112
1035.8176666755
1339.8582503766
1307.0532622824
1329.2373741827
1161.5553732256
1295.9162126882
1142.9824329842
1190.9706239784
1292.5751834154
1385.4108821998
1213.0641933725
1139.3307671016
1017.987018263
1338.640640679
1200.3992891594
1173.6717296055
1216.5530854294
1215.9748335487
1275.844939068
1323.8923039462
1218.4177931869
1202.2713088894
1251.0539954174
1256.8481886684
1155.4554023955
1289.5789644781
1235.7284693924
1202.1649019741
1194.2473584404
1357.659398449
1363.5465282455
1252.7019194142
1338.3534489845
1179.0634185937
1135.4688696605
1299.6508064341
1116.4233200599
1214.6061461599
1079.2780351399
1240.2542571493
