1207.827012478
1258.5806346409
1149.7533109476
1342.6947580228
1406.4672597134
1274.7825189872
1287.3764647668
1252.7524137238
1259.9365848564
1281.0785314724
1481.788376452
1326.315420615
1246.6815136081
1279.527482566
1330.9485884798
1381.9111079901
1201.2460905541
1300.9933698502
1119.0252080207
1247.7510003454
1256.3044120689
1091.474311414
1370.8872405627
1209.6787018583
1300.8282962072
1315.9077755708
1317.510230322
1222.5380951403
1314.5326488104
1106.7168229657
1301.3653148831
1436.1413719864
1405.7991435985
1185.2072537579
1395.5422987379
1215.1143934058
1329.3857123306
1131.983123239
1358.3604773482
1356.4268667844
1200.6039371115
1282.3443523606
1264.2346332837
1167.3314299228
1265.3687184086
1366.1471223978
1417.2776736514
1206.0665371887
1136.971642706
1164.1208597126
1318.3311693305
1329.05167914
1325.9563491418
1206.4818701613
1264.7603591282
1329.9760846684
1269.9056297893
1292.458019837
1315.1215564985
1240.6732233971
1097.9083222228
1215.0109110174
1480.3958009481
1080.2195994078
1360.6343764699
1280.3226475622
1301.970209958
1225.7046886134
1234.6941222962
1390.1258204289
1231.2813668796
1232.3685218575
1183.7571084655
1240.1683646925
1287.4213440678
1354.0474158613
1231.6917315934
1325.9416353118
1333.0686294228
1268.6785808795
1177.2607768536
1261.8543304835
1023.6987491035
1320.6713032663
1324.577577037
1362.8630163396
1403.4895890366
1071.9858750697
1147.5185799457
1226.3773030434
1186.1863010686
1330.5884859756
1415.9367341047
1255.9053619147
1171.2690207143
1354.0871152703
1281.2176709265
1176.4308165271
1290.583898106
1218.2147747372
1152.5099658074
1281.2920260579
1329.753959108
1119.9144833698
1091.6559534664
1349.0772940687
1220.2290790636
1250.9829289351
1302.3525604382
1336.5354951919
1163.0571028087
1039.5130389054
1177.5263365573
1162.5844913235
1271.0749819259
1145.0221546581
1177.66526991
1322.0975961352
1124.8110750941
1225.4684246721
1294.0291838495
1190.6794178737
1176.3712197824
1392.3738214192
1297.8879224646
1295.5515557093
1383.441621196
1157.7786908151
1305.7430805339
1342.0537204801
983.56601202173
1152.0483206173
1251.380092223
1312.4525695476
1146.4961805734
1483.1193260151
1291.5831873531
1287.9793931906
1266.6095956983
1252.540259919
1384.7427059319
1114.1231966153
1249.6996704155
1368.9531742297
1078.4498646071
1309.6955604116
1064.4527952062
1177.9981059189
1316.01938254
1246.0051534663
1100.1776208466
1250.7131460055
1313.9633533893
1295.7499764006
1280.7326134258
1222.8066514484
1303.7465742162
1223.0895651552
1317.7970924574
1322.8531790602
1328.7476992113
1141.3645583056
1208.724342181
1109.9551302086
1051.497602978
1138.5493076371
1201.9110586332
1389.9411954831
1247.1871887445
1304.1862303454
1202.317893092
1218.6241478353
1222.2213018187
1448.5475387895
1245.4479645246
1123.8078852703
1331.5324228674
1246.239229151
1412.01590385
1488.0531198092
1248.4297594662
1190.6647909637
1282.6277027863
1326.9283767982
1439.3646300376
1093.6090481551
1360.1736791127
1151.3164933555
1343.1584459419
1170.6948633366
1317.5394655392
1439.9788634625
1400.5939500225
1265.3788902998
1222.6380209731
1112.9121658786
1282.848517947
1216.5314944864
1311.0179808688
1362.490485448
1467.3681322744
1435.9618950131
1156.282300348
1330.1570119967
1247.2527340019
1170.4493347685
1194.1787884741
1245.8946264358
1224.1657999289
1272.2209347305
1218.9152674315
1304.602153788
1269.4354789443
1248.9866318843
1355.1506765638
1293.1621590767
1377.6870961397
1299.7686609989
1273.6156225714
927.07377934619
1322.8735111028
1275.1986551616
1085.6629029585
1107.2255125871
1358.3958115576
1325.8022119758
1283.100238677
1444.2738794925
1125.0492997093
1190.7709762271
1257.730545488
1165.0455740712
1129.8059508201
1279.7882771761
1315.0488222844
1019.9355401053
1136.4328451084
1308.7078615008
1331.4329933592
1168.3588627841
1422.5984499709
1215.2184017793
1261.7832977297
1206.350013778
1234.5544596185
1315.7617065048
1262.6230137575
1274.2428294
1104.7844995784
1066.9539996978
1188.0959548768
1226.336809179
1193.8522051734
1366.7232810064
1282.225473889
1207.6435878536
1205.5733574136
1368.5708224465
1213.6335791647
1347.9113819161
1242.0338978153
1258.8180761107
1195.1613201267
1335.1440128311
1159.704910079
1253.6368594273
1308.7278042422
1344.9419579231
1314.2913409271
1229.5027854643
1260.9912802351
1247.4733731826
1191.0331411222
1353.7462082316
1299.2412499624
1296.8696813561
1136.0878294741
1191.4811966359
1289.9985529249
1210.7574224821
1126.2284725315
1232.31265325
1383.827110722
1084.9871669083
1182.2842845385
1286.9959725186
1251.5399758907
1269.5735379013
1248.0200367005
1039.4055890077
1105.2006524546
1174.0842285199
1240.9249585378
1189.8071334163
1148.5501882435
1210.3537391557
1227.9657691973
1336.5872545761
1243.8045108594
1002.6423078603
1252.9510970134
1195.2489391803
1353.6319657302
1352.5204243886
1356.7517771953
1210.9250847681
1208.6751393614
1180.6978347618
1273.2402844789
1335.9695926246
1161.899196474
1293.0741350697
1215.8884854018
1068.669388063
1394.6606511445
1119.4767222818
1181.3281347614
1283.6890141089
984.11840061097
1174.498248191
985.80269734933
1258.3713345236
1298.233480441
1281.264660785
1371.2131083392
1206.9540557766
1016.537926091
1452.427216023
1202.2913213738
1324.1609481022
1298.3268806738
1310.3023134589
1292.4895029544
1279.5975396468
1259.6671437262
1092.8032040814
1161.2913928118
1461.9682162477
1256.27559362
1091.5389543958
1242.6014997739
1065.0363834863
1220.058557641
1151.313401063
1277.0553545051
1345.8770194739
1250.9570350168
1315.1652864686
1259.062991151
1194.4405317279
1178.3208804248
1096.0903185025
1108.1323143061
1138.2683981745
1317.6581062044
1355.6504925092
1286.6851836395
1193.2240060873
1226.8464389055
1282.833173153
1322.8959727971
1269.3728170835
1223.60031349
1363.1608976389
1221.3122621474
1173.9203597998
1238.7195601984
1398.4592806561
1292.8848976781
1429.2413690434
1195.6876477432
1232.1244190604
1192.683220458
1355.5351243529
1339.1281811987
1178.2582376473
1272.8971454254
1261.7654317502
1033.399332038
1227.0347185994
1383.8342329063
1202.935408839
1149.1578079418
1362.8091531902
1231.7621774912
1391.9057643277
1051.8100071835
1303.2001763211
1152.7489096953
1405.5904813626
1205.4121068556
1235.938838922
1227.1268392643
1276.5505302916
1313.542337719
1272.757496926
1350.9360967948
1331.7633938513
1071.3015425613
1347.5062887182
1180.4049085462
1310.6692408365
1218.0113467621
1105.7274787607
1195.3184102711
1076.092949463
1373.423453418
1226.5374076095
1106.1839121983
1256.0247368309
1463.3435434998
1283.4838955237
1325.1911437594
1216.7133534913
1291.5628610947
1267.814564088
1228.76255632
1121.3943542103
1198.7147774796
1409.0223341002
1264.7213121236
1143.7983193279
1344.5168762032
1329.1820746607
1223.2850322033
1255.5393246254
1250.0884497621
1297.0386435337
1244.849668909
1166.1340297926
1320.0242087351
1249.4595099831
1548.024169369
1288.5652699972
1283.8041131281
1275.4653872011
1309.1266743031
1200.173576563
1203.6448952065
1315.5433885206
1262.2521398589
1223.2049956674
1226.7663102321
1259.706198957
1148.2751354389
1240.8485119459
1294.375581972
1199.990768609
1344.6577240048
1237.0577213661
1347.8560564022
1267.8539067766
1247.173908716
1311.3195416684
1241.4184499913
1152.5339270036
1185.8339203694
1346.9750459655
1251.5481501515
1257.3900606526
1219.1143939743
1366.010401924
1220.1492321802
1247.2944173724
1333.0355855567
1371.3928297964
1324.2420906877
1351.1450893358
1260.1543838694
1360.4410785806
1204.3836199592
1118.5513438797
1497.4068657568
1302.3284991613
1176.64754999
1329.0684112699
1278.6867763239
1204.3189376313
1155.5895926326
1340.9324879377
1122.8195128774
1220.7371599577
1271.495387981
1279.036445927
1229.717018398
1331.1744933982
1105.859959027
1341.4996717389
1251.1037416955
1134.2646523329
1180.763147275
1170.6443854479
1313.5940454839
1057.6875576764
1045.9428335093
1424.050214091
1170.8012382573
1084.2730046422
1140.4938376254
1312.0393574149
985.9105992806
1257.9824703761
1182.7846266598
1273.0879817513
1332.4443647242
1076.4813195767
1293.1930337054
1366.0166457523
1115.4700515992
1129.6762855759
1245.7548179364
1176.4039237109
1419.6843873066
1379.6600354734
1185.2495369843
1219.1628654039
1139.129928783
1445.0444367758
1183.4261812586
1237.0281995304
1321.2622723322
1215.3032803357
1232.3878617377
1176.6672109851
1317.1928989907
1311.7131394064
1280.8164883815
1453.4764944097
1186.032033505
1280.8619801075
1228.4746057152
1344.8096327942
1430.3370879051
1148.2026456724
1127.7508118379
1427.0751423799
1173.2026167159
1226.08332877
1272.0634922567
1214.6896282227
1386.7422815269
1315.6144520324
1090.7742941816
1477.5012195389
1338.9481715398
1141.3526417572
1218.9139805555
1277.0278717801
1104.6587525529
1311.1538086038
1195.2288816435
1292.4211408025
1354.4278000996
1262.7206174668
1240.3006598072
1128.0323334186
1261.0872211118
1292.4933844618
1265.1479159611
1224.9007883205
1119.4968038522
1516.316499956
1400.3957605689
1309.7770403448
1419.123687072
1261.0726824669
1245.0392989665
1312.4962731645
1267.0504176931
1216.0129100457
1198.0322802857
1168.7887828082
1232.7773795158
1285.0469896144
1542.4706280634
1214.928148443
1075.3293025548
1468.3288515106
1167.1431593057
1221.0555046653
1208.3072529094
1260.9879449468
1290.818339337
1392.2276458164
1109.8407615539
1253.883496638
1219.5150557488
1254.1425959008
1148.136355453
1154.6640865307
1290.7095652461
1223.5589447713
1205.9811984317
1323.6090372389
1273.6553682251
1168.9620977963
1275.7104291811
1302.4490299969
1272.2911617898
1180.641853765
1132.2998790051
1212.8201891987
1225.4054399922
1096.6576859136
1202.5655747951
1344.6134860786
1394.5225028855
1361.3507417298
1174.1448397857
1214.2318515915
1097.4946375503
1292.7247481362
1193.4358831346
1204.3566923615
1138.2017615535
1306.9108763753
1329.6850310158
1399.1485389406
1293.6280862075
1250.5480043306
1037.4941081325
1228.4032616718
1304.7710387566
1247.6296773349
1331.800474415
