1265.5677019425
1208.953490235
1221.8776239202
1391.2853024824
1145.673041959
1243.8242926891
1308.2146204344
1162.2979015601
994.77358914551
1200.1834457602
1283.5168413739
1326.0056087413
1281.4894727513
1259.9629307032
1356.9317491086
1440.7225379765
1346.7433356185
1201.6762445725
1428.7869924378
1325.2701488188
1313.7012609334
1303.5771540072
1387.6302135402
1308.4758078477
1117.7822682838
1308.5965155961
1118.8712146045
1199.164486121
1261.101738526
1170.6657937797
1250.4166805077
1037.196124741
1236.6079948077
1168.2418520615
1182.3443960884
1197.5489490564
1425.1953430648
1268.0176015008
1357.3218098535
1146.9029053676
1445.0918207941
1130.5295538929
1214.8465448314
1153.9663252765
1389.1600196528
1289.243359195
1308.2413380038
1165.9081173352
1319.3306629861
1183.1489852148
1314.5279412368
1145.5956626602
1057.3757427474
1279.6599167447
1346.9875912907
1312.4859331855
1226.845529788
1310.2194128878
1313.5645697646
1322.6986699837
1189.6449233285
1114.6740659828
1290.7474131768
1276.4763500194
1107.9704911943
1113.224532322
1118.1768034002
1266.5788863504
1234.4476326506
1284.6622202955
1346.7506374268
1402.9399977186
1402.4603339109
1295.2751993122
1280.1450262838
1248.0699545288
1274.1361891473
1314.5307993921
1082.2256374109
1335.092895312
1182.0150749851
1435.759543294
1341.6894210064
1196.6223517157
1057.4917483809
1238.4252806602
1372.3099377587
1325.382771296
1159.7610749537
1309.0359631964
1309.2845742339
1162.4904078406
1192.500564197
1041.5822667677
1102.4457235071
1148.7518407634
1413.5092896968
1176.7924647655
1181.1084480224
1268.9753477449
1073.3019184533
1227.7678862442
1304.316235332
1258.5638058432
1224.8174101575
1305.8135909371
1299.8648042659
1517.6084971126
1188.4153086451
1346.7204961277
1255.8723751351
1194.5271817091
1124.9067798792
1276.8996890925
1155.7448752264
1250.4822289508
1390.1422822921
1022.1743561944
1371.3340295872
1065.1349692509
1182.1667654478
1206.3020766165
1271.3129771223
1226.5266632914
1302.4629257125
1132.6647422305
1231.2996466225
1231.5360675534
1120.5218999969
1223.703520176
1349.1287305122
1244.7179696373
1293.3081865212
1192.0720679266
1446.479399918
1280.3248807909
1248.565206565
1316.8625677431
1276.3878759059
1400.9765136585
1234.150480353
1283.2445818449
1141.7987784863
1419.7119775818
1151.661620949
1276.8000923945
1212.3140403317
1185.6781867946
1365.5683601589
1178.4628101199
1371.3883031547
1325.5649786408
1209.780441504
1264.0403878949
1283.9146739351
1313.3876885367
1227.8799354016
1167.84829876
1246.0347842268
1294.9184759502
1226.1112766756
1299.378657841
1125.3559256693
1327.0078958513
1131.7825230211
1118.2642534706
1195.0422207599
1276.9726496497
1280.1739369159
1358.6573964509
1097.5799807397
1157.1887463647
1372.1248723368
1164.0804963065
1255.912915294
1303.905355141
1338.465134362
1328.8216130459
1248.4631642566
1252.9355722001
1378.7747414696
1297.8827074209
1205.1209662151
1187.3469973593
1076.5347761606
1341.9562551016
1409.3108738833
1272.7426500973
1125.0106391429
1121.7128571042
1307.1768008158
1343.5048603427
1306.5691980352
1356.3916034546
1424.6310815909
1376.8784396108
1340.4247060071
1117.9579847449
1429.9984799566
1312.7207155263
1276.7452778366
1182.6459351578
1149.6493091817
1290.8733062262
1242.1287252474
1216.7069528067
1187.3949147521
1255.326463083
1162.8548774063
1332.7692935083
1387.6192865773
1199.4846105779
1424.9124085674
1036.2299986043
1315.44007263
1145.6044427298
1258.7468973508
1327.569843026
1218.6413674258
1264.7154611062
1282.763293699
1393.0754696441
1203.8284045088
1261.1061232829
1449.1786980015
1201.870379731
1208.9359039702
1217.4244502808
1325.8429711891
1262.3700362201
1383.18669615
1257.9741710967
1185.1022798457
1186.9161790222
1368.1536699019
1276.0470140507
1358.4028997063
1508.8857485369
1185.3919256363
1390.7165598106
1242.0973079352
1132.5931679144
1148.3229356565
1272.0547540156
1506.0567436227
1252.5231829245
1123.8448142554
1156.3230302498
1143.9032580125
1303.5314054128
1344.7887579541
1099.4110880278
1223.6747192942
1206.7619844645
1438.1624062498
1162.3299733551
1361.4638802994
1318.5451866864
1250.5591482224
1229.5829672816
1288.3748232966
1347.4694224426
1173.3573673521
1219.1761446658
1120.2745006865
1078.8529209121
1199.2519687176
1237.8421115603
1423.3870346759
1219.5486961037
1352.5009864945
1323.8947606151
1262.6900862147
1107.369338818
1143.0841819993
1328.6759776109
1216.5575779191
1128.0808014366
1123.7231464928
1189.2314014374
1161.1267075052
1352.489589099
1403.4772698742
1413.5128880615
1258.928091365
1194.0244870312
1178.3245272863
1267.2246661849
1231.9556496629
1503.2439206196
1177.0773647492
1301.4817780296
1300.3712144226
1343.4782284399
1330.7341057468
1222.6783592717
1348.0686477293
1436.9956589331
1204.502740837
1241.4865441947
1281.3516371057
1292.6228899127
1172.8284299701
1387.8297398162
1275.7755722545
1204.5851583524
1360.6933527331
1375.1687901168
1330.0047939482
1332.3997890853
1365.3736025832
1214.5295796298
1055.3910897826
1187.6821612298
1164.2172773475
1346.7229091739
1088.1103789466
1337.926846545
1338.3642999746
1198.3122383928
1296.5062802168
1303.310804688
1293.6690780922
1206.5790054154
1241.8363447099
1154.9370747562
1233.9974691967
1204.8247048512
1376.1305962651
1406.6250910538
1435.2969547904
1366.4067382252
1277.2258839355
1237.1121074774
1165.5080730242
1201.377948233
1377.9549547873
1434.1513198029
1274.3017080946
1302.3327337908
1396.8685577225
1153.5398220689
1381.9899736155
1307.1906428883
1056.8512837781
1352.8037928286
1355.0720806113
1417.660675352
1238.7996164108
1269.5878167379
1226.3393573535
1230.4583765505
1303.7373849887
1343.5017793412
1221.9703279721
1317.7067684374
1412.9475213529
1181.0742660999
1549.9156481634
1244.8619728888
1200.5449634232
1204.6596217869
1471.1352695706
1188.0235146689
1343.5775562555
1187.2005632338
1358.2095593613
1244.901461195
1200.5280703014
1194.3674258075
1230.8173587015
1086.7256767132
1294.2730627036
1258.3518216013
1226.3723542223
1443.275675609
1139.3787391437
1262.5029461272
1411.9458114976
1337.0773087599
1188.8045675079
1466.0064229047
1293.4614790051
1247.3928009666
1266.8634580108
1033.1946129321
1215.1102326381
1243.7846294594
1162.5973224801
1472.5501713397
1434.9286068001
1176.6981423661
1215.2868245453
1123.9742660008
1401.0173563791
1222.3495116392
1137.4402844061
1395.2776836786
1294.177785797
1177.0334227524
1280.4260215494
1233.3572095819
1443.7791375995
1201.2232819496
1386.5160997617
1235.7654066102
1195.1433785968
1292.5404474225
1223.4428200717
1269.4048618508
1334.4209149128
1153.0075297286
1252.2515071397
1315.3975968804
1115.1162732657
1243.4855009723
1272.3060702369
1265.5217243515
1116.4172046151
1337.6419684349
1448.9229935154
1320.5260447704
1226.4551931124
1409.3315751056
1129.897356472
1154.9704560427
1322.4857282436
1295.0430015442
1274.4376130774
1268.8376972184
1153.1125523862
1287.4816992196
1263.6504536869
1367.6735489705
1281.8736612813
1247.2445183219
1208.1768397446
1399.833699905
1402.8576488431
1338.1320525259
1321.4590696906
1276.5206710383
1354.3570829427
1254.5696946941
1249.0078108051
1266.211665617
1150.8346246242
1139.8953979571
1242.5155274881
1251.3213304719
1171.6336815315
1389.7757165527
1319.4993661895
1215.1682378375
1401.2746464972
1243.6475862523
1346.4671687858
1376.1610328921
1274.6270193067
1318.2000930966
1287.405324312
1257.4082090288
1381.5169627688
1329.1815206842
1119.0097034631
1272.893530137
1342.2404548733
1317.5956063024
1069.3337912678
1263.8872138535
1281.8621238811
1077.794091065
1417.7538680456
1306.3187732981
1239.4133476399
1384.5451636474
1354.1628039937
1163.4127533104
1323.4710740021
1359.882336225
1367.0501308532
1131.3086300255
1289.2920299525
1221.458840199
1063.3737625227
1278.2807390313
1186.9656194696
1309.4791242466
1250.075487745
1159.0644377703
1320.6696909724
1265.6350620539
1209.7424849006
1351.6713148058
1224.5950021953
1283.2369427122
1164.5782369104
1179.5257823925
1164.3066651294
1165.5857536333
1117.2296044795
1100.0881421207
1540.9797802996
1066.0833741164
1401.7581200674
1367.0679248236
1250.2908823838
1074.9954327265
1190.199025427
1161.9940313852
1207.5521098609
1166.3274897374
1260.7800087289
1274.9424003557
1154.1863661396
1241.3403412641
1202.202597685
1149.191103273
1190.6796613049
1115.2210509812
1396.9596691693
1201.3643173659
1060.9880729211
1306.5944736638
1276.8374727729
1250.5891224512
1291.1038109978
1305.3251900506
1377.9667955653
1231.2171438954
1196.7026307523
1282.6087899305
1101.4225031663
1269.3888479357
1138.9901614664
1339.1317868796
1348.6853235186
1236.9992730693
1118.2393875674
1234.2747890369
1217.8436638658
1381.7348415004
1183.673787164
1213.5191245962
1123.4692456459
1014.122398098
1141.7640633295
1238.8958602625
1395.0970412091
1328.1821871284
1154.1519118731
1170.4334179172
1240.9943628157
1168.5250438642
1256.2158840123
1248.5021308074
1218.3556971289
1107.1421982224
1107.7541898372
1045.7999060898
1200.3860659911
1175.819767765
1150.1666377611
1305.3057033568
1273.9772789127
1301.87100375
1241.2017868302
1219.7827080878
1378.7614473283
1173.5024900118
1270.6853123343
1380.2300642079
1218.8180287808
1260.5055024389
1207.8281121126
1251.0168341217
1167.979614575
1421.088818251
1320.5220126039
1152.6034357033
1422.6587139464
1255.3789378987
1140.5519141569
1178.3261153547
1308.6338392207
1120.1338308821
1173.3028729766
1255.534604305
1321.7698470956
1212.1771665916
1295.757454791
1168.0402852416
1379.2851067557
1216.6380068628
1531.2390838143
1270.1719167724
1167.0122106225
1251.6271911477
1182.1882915906
1217.5936079376
1168.3999167031
1364.3344392797
1229.3998173529
1328.7047256634
1256.0878319086
1056.6700962566
1313.8052722919
1228.1731259208
1238.0366090381
1087.3580279426
1285.6723751903
1404.2029166076
1312.8684436078
1123.9924472103
1211.7882145174
1163.9524433085
1424.6335909733
1206.1582511752
1290.7869796167
1380.1141796474
1298.7349019016
1261.9385208216
1210.4652765308
1299.1361684593
1286.224857527
