1189.6876991231
1334.2494448251
1280.4589743998
1169.7960487597
1257.063818105
1230.4915318717
1332.9246707796
1279.0001494473
1296.3471701752
1150.3349230589
1203.9578664864
1234.400600342
1181.2056167265
1174.1192685552
1372.1434505353
1189.8245456598
1241.295773131
1527.916015434
1238.7544474491
1089.5243401353
1124.7214501061
1386.0658104886
1189.4904702752
1458.6878189131
1318.3929200541
1304.5518878955
1339.3113569818
1259.4722484708
1129.7403524359
1281.7190767036
1155.4309002289
1326.9164950214
1331.8709630755
1512.6645083656
1275.149190975
1308.8574910473
1295.7337812623
1357.7041367064
1033.9597882032
1315.4597521606
1399.1422858328
1361.4742752704
1157.3863583969
1315.2966174865
1251.5117013413
1344.4102915838
1317.9675004103
1264.8089821402
1378.4714217255
1128.6678855705
1329.3078156971
1311.2243428179
1004.2314067736
1217.041157554
1410.9931860761
1212.7312154801
1096.3009130334
1292.3330013625
1297.5579611329
1337.7812269825
1134.0090845096
1254.9348421604
1261.93366116
1268.6957984082
1292.2612865111
1410.7730056227
1160.9070262602
1209.6953563969
1243.9677204608
1289.7806538536
1402.1242986249
1283.93386317
1258.5534721847
1001.4834106835
1290.3268053221
1401.4144177359
1240.9290531968
1080.7084012099
1390.4499629459
1149.2217171554
1360.2244311256
1316.8362818877
1132.5219270972
1361.7415375817
1275.622448974
1268.4818524418
1277.2890182288
1223.3670921585
1274.2929561294
1247.8626847396
1328.9658316708
1168.3309809381
1439.8844642821
1206.1228996443
1194.1042646663
1316.6395286537
1421.9698097114
1248.0892604638
1246.642533592
1143.9240747708
1416.1214069667
1155.7855806253
1294.2686909054
1215.3024805734
1208.7376338112
1230.9282468574
1099.536581518
1383.6269775961
1382.8909117705
1265.8666717356
1222.6474300271
1296.0964070203
1182.3413446635
1336.4634880866
1389.5062690284
1284.5504471627
1280.3661971501
1179.5747986142
1275.3823446397
1363.5393910611
1331.4837592736
1374.0559007591
1262.3144697813
1251.2513649108
1212.9272100678
1065.2673472643
1284.8826129509
1219.0605765089
1433.5212968429
1297.1889587142
1212.9421593433
1403.8999841217
1402.9412387427
1178.2855575458
1236.7023415802
1259.3851032656
1276.5203795856
1211.4277422858
1115.184107379
1245.9730340425
1147.6475326035
1366.7251622343
1273.9549130334
1282.8378530822
1271.0592654828
1298.7929473507
1442.1503866134
1433.1365414049
1100.3044103671
1290.6588384383
1293.3978655802
1307.291421545
1365.3518848657
1258.0668784417
1368.7385365032
1194.3284109985
1195.7148200203
1194.3517832212
1278.507297652
1187.1175441423
1110.5747495022
1169.1282297858
1138.8808715144
1310.0483728625
1395.941728366
1491.0537134919
1240.3790529246
1322.1563303027
1387.012430045
1267.2221559995
1328.1383828098
1265.2946459499
1240.0413770306
1183.79386095
1320.6595085239
1131.1879683499
1173.7376478809
1236.6480959981
1195.5866055215
1228.2707281205
1232.0790661033
1285.326992329
1423.5823754619
1254.8474861672
1277.4455778973
1184.3429421057
1337.4352298745
1354.6752914099
1165.8123247722
1268.7890071668
1465.6346011861
1039.3006530583
1188.5820629735
1209.0344857298
1375.7222177553
1209.7162053748
1177.6529296166
1148.0598912398
1193.1356678766
1303.4086634375
1191.6442006106
1150.5374702246
1163.821921695
1337.9243584382
1462.194751019
1077.9679570621
1149.08700795
1119.4409356047
1271.2659296928
1154.4173103183
1135.9392908806
1313.4344856983
1275.364658423
1583.4607144081
1338.3164795602
1236.7666232917
1272.8863393079
1229.0760550076
1240.2570856872
1435.7205441073
1288.9683293451
1287.4685884094
1417.5276186614
1147.8325406066
1289.959982434
1218.5054905014
1356.8155821179
1392.6839669489
1146.6351240638
1119.7478626739
1351.185758373
1187.5250435602
1077.2974843823
1237.3895989837
1078.2462791124
1203.4864924332
1292.1484694547
1255.27052425
1212.8361030232
1280.035521023
1091.1969078223
1237.8909937767
1104.1393191454
1270.2871488238
1433.0007009022
1211.4320461886
1286.3426279296
1217.4228502202
1247.9439598852
1340.3769688131
1233.2404173472
1227.5655890486
1175.9939638472
1281.0660354239
1131.9006880879
1348.4052133257
1442.4218359945
1316.0107930909
1397.6751152511
1213.9969610472
1247.0957723606
1174.2859447832
1193.5578770786
1285.2429773678
1195.0575836682
1151.0073664599
1292.3337581007
1347.2681353775
1172.6079910187
1369.084875508
1229.510559519
1139.8178886831
1270.68717406
1292.6981649104
1122.8907383555
1346.2150840933
1251.6747471549
1352.5142415469
1210.1458051164
1296.4602357316
1180.9175980531
1355.5237788251
1076.4673810104
1205.6116758115
1135.7405140172
1216.5782543662
1239.8669618574
1343.9673979276
1296.2612967412
1254.2236985663
1286.9676993591
1224.791805223
1291.8408646957
1365.8509048308
1314.4566491375
1338.708916263
1180.549479923
1157.1996844922
1238.6879798913
1183.2270678225
1311.5879408315
1130.9539224228
1237.8940872325
1258.3525877454
1342.1085175585
1359.5328387147
1107.9465897364
1227.8419901664
1182.8232307199
1198.3646703492
1320.3626605716
1241.9734629826
1213.5323130538
1172.8106494454
1195.748379943
1172.128836486
1251.4948456341
1222.6513358261
1240.734067094
1182.6787993463
1244.1027228779
1213.4175285345
1403.1942825045
1560.1918051079
1409.6673738143
1340.8994217528
1355.0279596741
1309.2460466811
1321.5535468806
1298.9587210861
1425.1069281908
1417.4882756869
1223.8495186178
1076.6646863583
1437.154408937
1399.8524559951
1227.8839454643
1209.7088360125
1334.0053861216
1182.3534954698
1076.3488453957
1485.8743781811
1324.6054944863
1328.4693870289
1226.9401440942
1245.7527865179
1408.1431309844
1159.3608318745
1338.0570154935
1154.4663752414
1260.7990701885
1408.589696123
1297.8294106949
1254.4270373154
1112.3153629225
1152.0255540988
1420.7884386642
1263.2273879668
1305.3159594382
1206.2317100848
1159.1937638386
1171.6924725338
1310.3742945823
1095.4021293699
1266.8533497565
1388.3409042843
1262.8727399535
1400.4357895337
1148.0232793406
1191.027897847
1373.5320302165
1294.5800471114
1156.9298511669
1342.6222903612
1267.0669113305
1333.9698016476
1300.1735342029
1436.6304762413
1040.4720046577
1337.1252829696
1312.3990860717
1315.503471619
1229.8677295682
1348.6391970714
1524.566155195
1183.5935263068
1092.2212582423
1322.5952669819
1168.7606373945
1259.5498492282
1352.6685913278
1317.0766336395
1175.8606024273
1175.4504779906
1201.1783613258
1138.3314701944
1332.1178931275
1247.795008779
1397.5164872493
1297.6563598028
1377.7164837838
1207.9724797923
1310.0234248674
1287.540706637
1317.9038413853
1372.2531243692
1403.4987121101
1343.8833262494
1258.1115248732
1163.8249295743
1369.8199492254
1306.6463203258
1205.1479885435
1334.8887343633
1373.0742133056
1246.5996806507
1135.9148881022
1347.1210468475
1230.2600281263
1305.0872496262
1314.3162582695
1161.8381623794
1129.9266156255
1137.7030567636
1259.1903655736
1415.8740857028
1200.7990709287
1248.8878792708
1404.6525656141
1196.6562444435
1210.1974743465
1254.5145599532
1229.0688648486
1197.4631439982
1068.3917618985
1142.9405262788
1130.3384565255
1286.2081073092
1442.7689962907
1210.2290242806
1113.8801759415
1334.0481545143
1278.925757882
1243.3628664514
1246.5492900145
1494.8905115745
1280.4933400804
1109.3002477441
1456.035220085
1418.0642803841
1188.4739466941
1301.8162709593
1283.3494190792
1504.3996757488
1237.4098046229
1323.5936460391
1169.3425902986
1357.3760582215
1230.0847659317
1300.1490034283
1129.2579524982
1146.9351617518
1188.6198755357
1201.5844494837
1087.9135637655
1359.2295026749
1347.7188462293
1150.8976151916
1304.3826656829
1275.990278792
1217.9665600304
1157.4453766959
1137.0764791459
1178.5331440344
1135.0216411668
1135.5840895032
1066.3519002118
1234.2965379649
1183.4444181057
1272.2083951525
1413.0663036766
1187.4041337695
1231.2317059242
1286.2157172631
1157.0905374731
1209.0983410169
1164.7192075062
1268.5209746214
1252.8369433513
1370.1605796308
1241.8198279934
1154.6042430813
1524.4165663568
1272.3017861065
1268.7002548647
1258.7542818782
1316.9875289445
1059.7705199682
1320.195493815
1191.1373080205
1346.6068825168
1255.9370988679
1176.3455333827
1326.7803909482
1210.5035686772
1269.1898537933
1425.1907927769
1365.0435319787
1197.8373374444
1243.3525427493
1254.6448105141
1201.4165506934
1235.0520480549
1356.4896551397
1261.3376579939
1402.6798132106
1174.7295068162
1405.9087771816
1034.0756154007
1255.5835230827
1310.1082367478
1384.3899394402
1209.6884126598
1292.9503828611
1370.2365276613
1356.6416900624
1396.1509810288
1216.048165763
1323.2489383814
1296.1366050746
1219.3032530377
1160.0147841087
1372.5734579212
1261.3265638206
1465.0350935764
1197.8976255167
1170.475070688
1356.1614857512
1030.8034281244
1152.3843959512
1264.1550835764
1267.5506485954
1235.2478531043
1202.4041455284
1208.4086230008
1074.1356483883
1416.6448634126
1176.1285404217
1290.3860167074
1311.6904969419
1370.828992086
1342.4556872966
1301.198586081
1239.6201031589
1196.3011294749
1282.3927721006
1105.8775264398
1235.5778735564
1121.2447437759
1302.4421289776
1230.5049177754
1261.3050898739
1247.0067434489
1248.6890582116
1293.8901472291
1228.0020350875
1183.8509262415
1180.7470695691
1254.9688989512
1167.7396792367
1223.5134510111
1406.0923417521
1396.1920578276
1298.8902839467
1329.0259135812
1317.3405314571
1313.6188631659
1331.4441591972
1398.8810983901
1309.6007561325
1097.9607654594
1247.2540379411
1306.8271462315
1405.0795788298
1223.1085070419
1336.5181431319
1239.8389526355
1372.6268383962
1093.2556194438
1085.8789794995
1173.380635889
1388.5492864525
1221.8116483519
1285.1025007114
1286.2101776802
1263.1552838571
1250.7251007083
1307.7720126093
1320.410367192
1079.3869149996
1170.3613245765
1121.8948040711
978.03882899877
1245.1421217101
1348.3955032066
1293.9534376797
1163.5611565865
1350.1789565304
1451.4325891871
1295.6656975197
1287.2535215237
1240.3984329752
1244.8735053294
1255.081572932
1215.5917239597
1282.7020671775
1322.7052380654
1352.6806371121
1154.7720924759
1297.5215293088
1251.1170184457
1200.7170093636
1216.1092269794
1340.4415553791
1365.5493632962
