1214.0126118863
1270.2948900335
1203.1436425769
1187.4069424849
1299.1144716063
1247.4072607045
1340.2724260341
1273.9925366173
1575.233697046
1190.4871582312
1368.5401115318
1285.5303656669
1471.7970583048
1031.7166011546
1182.8007097513
1198.8336577211
1209.6928786974
1256.1643799512
1398.1781191824
1272.8310771476
1388.4009261197
1275.0773960362
1272.6746739631
1442.5558985454
1294.3199593706
1182.6904278152
1177.6031863363
1252.6835257617
1143.0815965358
1369.1877750154
1246.7859087417
1133.3766151146
1322.3869884487
1129.7336963968
1471.4662299973
1379.3829192701
1460.1940403003
1160.8916201404
1359.5031598579
1155.8989354612
1283.2013261514
1276.2752553782
1203.8239070956
1386.7485242582
1304.4774181083
1136.2351081818
1411.6661141233
1120.5760134741
1386.7012767751
1227.5562650567
1551.1176522764
1246.555683178
1203.1832728845
1173.8680857854
1162.5719556838
1166.1440045038
1209.1391057337
1266.2030537524
1329.8354091535
1162.1912318458
1093.632307757
1293.7256048306
1226.2429954351
1252.0762951703
1279.2482142133
1267.4508827431
1325.8354869735
1249.63458335
1251.5170297053
1314.0416871647
1130.7519732138
1130.2168971424
1231.0431784337
1145.0235439398
1280.4973067743
1214.1036670233
1193.3997511058
1188.59445232
1396.0323644654
1232.4268888386
1231.3466021214
1136.5413174599
1247.9054212848
1239.2887664352
1311.7153975559
1249.327661499
1304.6497183202
1266.229308491
1315.0970360871
1447.6294479157
1272.7549039655
1064.0781135168
1200.9984730266
1211.3458755483
1159.9473735525
1444.4832589495
1254.1534518555
1317.9769693023
1258.2644314593
1010.3131877472
1374.3084797051
1119.217115939
1101.1643059728
1171.4160346981
1249.8430635636
1275.8835325328
1346.2203679798
1232.3039883588
1192.0268050764
1179.121058311
1119.1743495958
1139.4461109997
1404.7551196966
1319.858876851
1147.3555062195
1229.7395398705
1181.6030687343
1311.983016466
1386.2429631737
1380.4134945757
1375.5706960731
1226.0545620356
1196.2731970976
1226.7741374767
1137.7716768488
1132.6368950414
1353.2364836825
1149.6541933303
1312.5070046059
1197.7872231597
1129.0054682119
1158.4590710085
1143.0997946834
1470.101972749
1416.8367640435
1304.0553459852
1364.1214412915
1215.1929307143
1184.3981189369
1205.0753350061
1432.5519062696
1312.904324188
1247.6960608363
1377.7055208014
1232.4010967144
1297.2187177906
1331.5189669878
1147.0879805149
1314.8133903317
1180.8697192267
1605.1534464736
1207.6865626505
1350.628924996
1311.1379372663
1240.3525352111
1251.5384515182
1279.2088241763
1356.3362232263
1322.2867727378
1319.3613002852
1198.847264396
1257.3711208694
1157.3170812328
1309.8876678234
1190.6508415358
1271.6200842077
1209.949599416
1276.6377209451
1291.846731156
1197.5690420174
1403.0930821007
1275.638085313
1219.7534026134
1290.2783109588
1199.8513577575
1350.7724244714
1144.6370092723
1329.247729589
1482.1797486733
1327.1110387045
1180.244430158
1394.6830838699
1369.6646440992
1172.9209162458
1141.3279837945
1242.0055925039
1206.070544795
1290.803827401
1162.384598767
1215.9431728737
1260.3011766503
1413.8486191411
1317.9942898995
1268.5430000615
1105.8059814118
1354.9616916468
1305.5719594357
1373.3702392302
1343.9713447987
1062.5121409881
1187.2748353833
1375.3268575508
1312.2185442911
1086.4515864844
1103.9788851092
1330.7992203153
1459.2096765922
1352.8172806484
1168.3155403525
1226.6300098199
1234.41907575
1399.4374119414
1219.5731351151
1162.1204082618
1261.7651790469
1171.8157645382
1349.0240694295
1241.2084797994
1125.6532780046
1315.487209986
1368.038127055
1229.9939322898
1111.9592697111
1323.2908647718
1265.6183192499
1202.5346574603
1187.2622141152
1285.8780140642
1324.6672239645
1293.2409215315
1143.662369783
1235.0175790698
1186.5814130489
1387.5681726938
1422.6496578222
1216.0121713153
1267.4663456264
1329.7932849154
1284.2387112878
1255.1446349349
1156.6493999428
1264.7738182396
1226.4437455308
1075.5107140593
1395.7030910015
1129.9582002191
1093.1207546489
1133.4120439481
1458.1807708081
1208.3650507339
1381.7957789259
1188.810144502
1171.9143277339
1400.2607656751
1278.2253596639
1177.2951095614
1312.5355320892
1257.1348546764
1267.5086172276
1347.7590642458
1158.9584202621
1275.0270140787
1113.4292317846
1175.5596484537
1222.3225722565
1185.1065787676
1220.578599183
1310.2776800602
1167.072329695
1178.8857430156
1314.7673498276
1266.5867137696
1209.5342792228
1240.1507652074
1331.5778707517
1251.4463941739
1194.5404995807
1297.6128532741
1193.7183275383
1161.6804904781
1083.3644174607
1168.6841266749
1218.7581888736
1277.2187858199
1221.3771446684
1208.9296372172
1350.8754600709
1251.5435059632
1329.7915787654
1268.6472484803
1305.5507269873
1401.8312791462
1239.323822528
1307.8777251445
1166.1466820164
1233.8647414359
1343.2017090285
1262.7387736765
1173.9967131158
1280.1016522657
1273.4807841358
1262.5265539448
1255.3263234336
1387.691610677
1363.5128150854
1327.8272261052
1226.7449856193
1274.0572910051
1252.2390284059
1415.179719196
1366.610479927
1166.2640811394
996.58090838252
1151.7059837468
1258.6590448208
1318.084614606
1364.0906972713
1466.8051691151
1246.2512231289
1228.0542648999
1155.2734493703
1160.6743329614
1268.6284951739
1170.4599779592
1183.1699024642
1584.1459541156
1208.7110519815
1271.1582626272
1297.0287670868
1330.4899528837
1249.220358598
1112.7588686431
1348.8532247926
1332.52563833
1328.8285012508
1150.0880289625
1159.3566711245
1171.0315305423
1236.3382617947
1240.6975425541
1197.371838097
1104.1723410792
1171.5595253838
1290.4001627948
1223.56844473
1270.194838929
1313.2792901729
1284.3640712316
1202.4439931722
1225.2358432923
1197.4832374728
1520.7271599686
1288.859567958
1167.3494708142
1244.5818816413
1339.0580988361
1245.744127199
1318.0750945479
1211.5704887228
1197.8901785531
1166.1162670738
1075.4263018289
1350.0200729655
1393.4863039589
1331.1974993976
1313.0330190586
1333.7572893887
1244.7389876905
1099.1641381357
1083.0817631452
1320.1759983893
1288.3114682468
1136.2001441176
1168.4497384591
1265.1627880058
1349.4140951962
1474.6601507928
1365.7293481867
1265.0971497106
1240.6022202186
1297.7219633502
1315.2291366045
1316.0230627478
1299.0483501155
1222.4308080805
1294.3147989556
1171.6115926726
1366.3226732619
1334.8612309316
1129.9166189222
1338.2442982407
1327.4862538611
1244.8278803883
1229.9127229219
1436.8221518426
1209.9200120997
1287.4312879837
1400.5089336794
1104.7294016945
1207.2943843227
1194.1406507868
1181.5349207812
1238.5094327008
1283.6222485548
1246.9681956424
1226.1190293234
1488.7029841326
1208.1769379852
1399.0686158512
1372.3805380159
1282.2720347027
1227.6947040902
1074.6833259449
1354.082439352
1210.5699109699
1282.1579813575
1139.3016237259
1336.564012573
1134.4518467652
1268.6056925047
1419.2682345178
1219.4559617822
1288.1023720404
1204.46365204
1439.1133778074
1218.1026948684
1177.1895372244
1434.679575015
1133.7064817001
1349.7903254037
1366.5126339944
1065.0127827123
1214.3375973349
1189.7309341586
1163.6493394225
1045.1110233152
1249.8806826119
1319.2645831779
1247.4547748106
1405.2965141156
1259.4827157367
1353.2827226434
1166.338277816
1155.9725019511
1324.6025251272
1198.6157014916
1228.0335692354
1298.4045545899
1048.5055102621
1197.6426120756
1297.2739070446
1194.4816198925
1162.7890729061
1403.7256821704
1233.3802048115
1089.6661003069
1269.5559902269
1419.2841367874
1355.1567829031
1189.6757079114
1255.5258683155
1196.5600849719
1111.4964208699
1230.8283277691
1268.3884927098
1254.0368700119
1216.3941859012
1142.8021946793
1181.4693436864
1272.4836831014
1202.2503486029
1233.8483596565
1349.4330139233
1104.3179108208
1193.0637199571
1051.4784451248
1016.1878141554
1283.6021332327
1388.8756998417
1220.171704054
1309.7290060384
1132.0664935035
1240.376252796
1216.6353011099
1209.530449813
1127.4483011792
1154.4586534227
1258.4884812904
1362.0175601005
1401.4349557474
1251.9947693925
1342.2585271954
1152.4468951342
1282.900416261
1344.0702141559
1228.2406974199
1086.7090544925
1195.138616958
1003.9343225093
1244.6562207634
1225.8430065639
1248.8735433295
1340.1415734309
1377.1262264721
1232.0325913252
1337.938221759
1307.5712992317
1222.9511772667
1253.0580483877
1355.8401956876
1174.1790268875
1212.9501496525
1022.8041513513
1229.6044305979
1301.1560184077
1311.8820606548
1317.1672994868
1307.4033538455
1111.5579850012
1191.021038217
1326.7989609265
1152.8659318239
1320.969101056
1311.3443730399
1259.038170205
1237.9210181399
1191.5433205037
1285.4694086608
1200.9095865464
1179.7962155894
1246.7971462161
1309.145262738
1342.6891081491
1344.1295905445
1397.027136059
1193.4218187696
1312.0619026324
1287.9928265918
1245.2853219369
1224.5348983071
1281.9227192835
1217.6676546676
1384.1857962654
1197.6515465654
1172.6046476142
1326.8447222002
1237.0312819498
1461.6445921528
1286.5509088829
1132.4205227541
1212.5450597682
1325.0347932754
1161.4297813844
1177.8868572809
1102.006259161
1245.9489360952
1348.6144462012
1392.6954191179
1313.4591637023
1230.5078339405
1274.7321691101
1170.9921062577
1160.4066402418
1162.0862520607
1189.3238211575
1263.1686134636
1176.2579128109
1247.2524338516
1247.8963007588
1176.3557092456
1229.7315068526
1187.5088252913
1306.2613279968
1356.1629139198
1285.4485925988
1184.8733972911
1087.3024154703
1058.6905457634
1321.0535183882
1206.988821414
1215.9322364826
1147.6381679121
1183.4120202153
1260.211136413
1315.0864533803
1154.3979349694
1343.11111991
1137.6199089319
1267.4430677826
1000.1572528118
1409.6158888621
1191.2391952824
1210.4245003227
1152.4936400292
1080.0882492028
1343.4005526713
1343.164684886
1363.1881713982
1354.2197984602
1150.564081075
1036.7038188069
1348.9003022918
1265.0962816815
1270.5272928576
1335.6299320908
1439.182970458
1169.4125265926
1249.0771526224
1266.9114720249
1125.8740890029
1227.4611094973
1366.8495360074
1326.1392423689
1303.9013032992
1170.6607021881
1212.6910267903
1244.8128792876
1326.2831842068
1222.1734183005
1302.0986133354
1449.6869572448
1130.0900374127
1177.4536464479
1168.0816128306
1309.6045572259
1214.0126118863
1270.2948900335
1203.1436425769
1187.4069424849
1299.1144716063
1247.4072607045
1340.2724260341
1273.9925366173
1575.233697046
1190.4871582312
1368.5401115318
1285.5303656669
1471.7970583048
1031.7166011546
1182.8007097513
1198.8336577211
1209.6928786974
1256.1643799512
1398.1781191824
1272.8310771476
1388.4009261197
1275.0773960362
1272.6746739631
1442.5558985454
1294.3199593706
1182.6904278152
1177.6031863363
1252.6835257617
1143.0815965358
1369.1877750154
1246.7859087417
1133.3766151146
1322.3869884487
1129.7336963968
1471.4662299973
1379.3829192701
1460.1940403003
1160.8916201404
1359.5031598579
1155.8989354612
1283.2013261514
1276.2752553782
1203.8239070956
1386.7485242582
1304.4774181083
1136.2351081818
1411.6661141233
1120.5760134741
1386.7012767751
1227.5562650567
1551.1176522764
1246.555683178
1203.1832728845
1173.8680857854
1162.5719556838
1166.1440045038
1209.1391057337
1266.2030537524
1329.8354091535
1162.1912318458
1093.632307757
1293.7256048306
1226.2429954351
1252.0762951703
1279.2482142133
1267.4508827431
1325.8354869735
1249.63458335
1251.5170297053
1314.0416871647
1130.7519732138
1130.2168971424
1231.0431784337
1145.0235439398
1280.4973067743
1214.1036670233
1193.3997511058
1188.59445232
1396.0323644654
1232.4268888386
1231.3466021214
1136.5413174599
1247.9054212848
1239.2887664352
1311.7153975559
1249.327661499
1304.6497183202
1266.229308491
1315.0970360871
1447.6294479157
1272.7549039655
1064.0781135168
1200.9984730266
1211.3458755483
1159.9473735525
1444.4832589495
1254.1534518555
1317.9769693023
1258.2644314593
1010.3131877472
1374.3084797051
1119.217115939
1101.1643059728
1171.4160346981
1249.8430635636
1275.8835325328
1346.2203679798
1232.3039883588
1192.0268050764
1179.121058311
1119.1743495958
1139.4461109997
1404.7551196966
1319.858876851
1147.3555062195
1229.7395398705
1181.6030687343
1311.983016466
1386.2429631737
1380.4134945757
1375.5706960731
1226.0545620356
1196.2731970976
1226.7741374767
1137.7716768488
1132.6368950414
1353.2364836825
1149.6541933303
1312.5070046059
1197.7872231597
1129.0054682119
1158.4590710085
1143.0997946834
1470.101972749
1416.8367640435
1304.0553459852
1364.1214412915
1215.1929307143
1184.3981189369
1205.0753350061
1432.5519062696
1312.904324188
1247.6960608363
1377.7055208014
1232.4010967144
1297.2187177906
1331.5189669878
1147.0879805149
1314.8133903317
1180.8697192267
1605.1534464736
1207.6865626505
1350.628924996
1311.1379372663
1240.3525352111
1251.5384515182
1279.2088241763
1356.3362232263
1322.2867727378
1319.3613002852
1198.847264396
1257.3711208694
1157.3170812328
1309.8876678234
1190.6508415358
1271.6200842077
1209.949599416
1276.6377209451
1291.846731156
1197.5690420174
1403.0930821007
1275.638085313
1219.7534026134
1290.2783109588
1199.8513577575
1350.7724244714
1144.6370092723
1329.247729589
1482.1797486733
1327.1110387045
1180.244430158
1394.6830838699
1369.6646440992
1172.9209162458
1141.3279837945
1242.0055925039
1206.070544795
1290.803827401
1162.384598767
1215.9431728737
1260.3011766503
1413.8486191411
1317.9942898995
1268.5430000615
1105.8059814118
1354.9616916468
1305.5719594357
1373.3702392302
1343.9713447987
1062.5121409881
1187.2748353833
1375.3268575508
1312.2185442911
1086.4515864844
1103.9788851092
1330.7992203153
1459.2096765922
1352.8172806484
1168.3155403525
1226.6300098199
1234.41907575
1399.4374119414
1219.5731351151
1162.1204082618
1261.7651790469
1171.8157645382
1349.0240694295
1241.2084797994
1125.6532780046
1315.487209986
1368.038127055
1229.9939322898
1111.9592697111
1323.2908647718
1265.6183192499
1202.5346574603
1187.2622141152
1285.8780140642
1324.6672239645
1293.2409215315
1143.662369783
1235.0175790698
1186.5814130489
1387.5681726938
1422.6496578222
1216.0121713153
1267.4663456264
1329.7932849154
1284.2387112878
1255.1446349349
1156.6493999428
1264.7738182396
1226.4437455308
1075.5107140593
1395.7030910015
1129.9582002191
1093.1207546489
1133.4120439481
1458.1807708081
1208.3650507339
1381.7957789259
1188.810144502
1171.9143277339
1400.2607656751
1278.2253596639
1177.2951095614
1312.5355320892
1257.1348546764
1267.5086172276
1347.7590642458
1158.9584202621
1275.0270140787
1113.4292317846
1175.5596484537
1222.3225722565
1185.1065787676
1220.578599183
1310.2776800602
1167.072329695
1178.8857430156
1314.7673498276
1266.5867137696
1209.5342792228
1240.1507652074
1331.5778707517
1251.4463941739
1194.5404995807
1297.6128532741
1193.7183275383
1161.6804904781
1083.3644174607
1168.6841266749
1218.7581888736
1277.2187858199
1221.3771446684
1208.9296372172
1350.8754600709
1251.5435059632
1329.7915787654
1268.6472484803
1305.5507269873
1401.8312791462
1239.323822528
1307.8777251445
1166.1466820164
1233.8647414359
1343.2017090285
1262.7387736765
1173.9967131158
1280.1016522657
1273.4807841358
1262.5265539448
1255.3263234336
1387.691610677
1363.5128150854
1327.8272261052
1226.7449856193
1274.0572910051
1252.2390284059
1415.179719196
1366.610479927
1166.2640811394
996.58090838252
1151.7059837468
1258.6590448208
1318.084614606
1364.0906972713
1466.8051691151
1246.2512231289
1228.0542648999
1155.2734493703
1160.6743329614
1268.6284951739
1170.4599779592
1183.1699024642
1584.1459541156
1208.7110519815
1271.1582626272
1297.0287670868
1330.4899528837
1249.220358598
1112.7588686431
1348.8532247926
1332.52563833
1328.8285012508
1150.0880289625
1159.3566711245
1171.0315305423
1236.3382617947
1240.6975425541
1197.371838097
1104.1723410792
1171.5595253838
1290.4001627948
1223.56844473
1270.194838929
1313.2792901729
1284.3640712316
1202.4439931722
1225.2358432923
1197.4832374728
1520.7271599686
1288.859567958
1167.3494708142
1244.5818816413
1339.0580988361
1245.744127199
1318.0750945479
1211.5704887228
1197.8901785531
1166.1162670738
1075.4263018289
1350.0200729655
1393.4863039589
1331.1974993976
1313.0330190586
1333.7572893887
1244.7389876905
1099.1641381357
1083.0817631452
1320.1759983893
1288.3114682468
1136.2001441176
1168.4497384591
1265.1627880058
1349.4140951962
1474.6601507928
1365.7293481867
1265.0971497106
1240.6022202186
1297.7219633502
1315.2291366045
1316.0230627478
1299.0483501155
1222.4308080805
1294.3147989556
1171.6115926726
1366.3226732619
1334.8612309316
1129.9166189222
1338.2442982407
1327.4862538611
1244.8278803883
1229.9127229219
1436.8221518426
1209.9200120997
1287.4312879837
1400.5089336794
1104.7294016945
1207.2943843227
1194.1406507868
1181.5349207812
1238.5094327008
1283.6222485548
1246.9681956424
1226.1190293234
1488.7029841326
1208.1769379852
1399.0686158512
1372.3805380159
1282.2720347027
1227.6947040902
1074.6833259449
1354.082439352
1210.5699109699
1282.1579813575
1139.3016237259
1336.564012573
1134.4518467652
1268.6056925047
1419.2682345178
1219.4559617822
1288.1023720404
1204.46365204
1439.1133778074
1218.1026948684
1177.1895372244
1434.679575015
1133.7064817001
1349.7903254037
1366.5126339944
1065.0127827123
1214.3375973349
1189.7309341586
1163.6493394225
1045.1110233152
1249.8806826119
1319.2645831779
1247.4547748106
1405.2965141156
1259.4827157367
1353.2827226434
1166.338277816
1155.9725019511
1324.6025251272
1198.6157014916
1228.0335692354
1298.4045545899
1048.5055102621
1197.6426120756
1297.2739070446
1194.4816198925
1162.7890729061
1403.7256821704
1233.3802048115
1089.6661003069
1269.5559902269
1419.2841367874
1355.1567829031
1189.6757079114
1255.5258683155
1196.5600849719
1111.4964208699
1230.8283277691
1268.3884927098
1254.0368700119
1216.3941859012
1142.8021946793
1181.4693436864
1272.4836831014
1202.2503486029
1233.8483596565
1349.4330139233
1104.3179108208
1193.0637199571
1051.4784451248
1016.1878141554
1283.6021332327
1388.8756998417
1220.171704054
1309.7290060384
1132.0664935035
1240.376252796
1216.6353011099
1209.530449813
1127.4483011792
1154.4586534227
1258.4884812904
1362.0175601005
1401.4349557474
1251.9947693925
1342.2585271954
1152.4468951342
1282.900416261
1344.0702141559
1228.2406974199
1086.7090544925
1195.138616958
1003.9343225093
1244.6562207634
1225.8430065639
1248.8735433295
1340.1415734309
1377.1262264721
1232.0325913252
1337.938221759
1307.5712992317
1222.9511772667
1253.0580483877
1355.8401956876
1174.1790268875
1212.9501496525
1022.8041513513
1229.6044305979
1301.1560184077
1311.8820606548
1317.1672994868
1307.4033538455
1111.5579850012
1191.021038217
1326.7989609265
1152.8659318239
1320.969101056
1311.3443730399
1259.038170205
1237.9210181399
1191.5433205037
1285.4694086608
1200.9095865464
1179.7962155894
1246.7971462161
1309.145262738
1342.6891081491
1344.1295905445
1397.027136059
1193.4218187696
1312.0619026324
1287.9928265918
1245.2853219369
1224.5348983071
1281.9227192835
1217.6676546676
1384.1857962654
1197.6515465654
1172.6046476142
1326.8447222002
1237.0312819498
1461.6445921528
1286.5509088829
1132.4205227541
1212.5450597682
1325.0347932754
1161.4297813844
1177.8868572809
1102.006259161
1245.9489360952
1348.6144462012
1392.6954191179
1313.4591637023
1230.5078339405
1274.7321691101
1170.9921062577
1160.4066402418
1162.0862520607
1189.3238211575
1263.1686134636
1176.2579128109
1247.2524338516
1247.8963007588
1176.3557092456
1229.7315068526
1187.5088252913
1306.2613279968
1356.1629139198
1285.4485925988
1184.8733972911
1087.3024154703
1058.6905457634
1321.0535183882
1206.988821414
1215.9322364826
1147.6381679121
1183.4120202153
1260.211136413
1315.0864533803
1154.3979349694
1343.11111991
1137.6199089319
1267.4430677826
1000.1572528118
1409.6158888621
1191.2391952824
1210.4245003227
1152.4936400292
1080.0882492028
1343.4005526713
1343.164684886
1363.1881713982
1354.2197984602
1150.564081075
1036.7038188069
1348.9003022918
1265.0962816815
1270.5272928576
1335.6299320908
1439.182970458
1169.4125265926
1249.0771526224
1266.9114720249
1125.8740890029
1227.4611094973
1366.8495360074
1326.1392423689
1303.9013032992
1170.6607021881
1212.6910267903
1244.8128792876
1326.2831842068
1222.1734183005
1302.0986133354
1449.6869572448
1130.0900374127
1177.4536464479
1168.0816128306
1309.6045572259
