1210.6835515307
1147.5286681976
1268.7899371289
1167.9472983436
1397.7592454852
1303.644810885
1209.3717591895
1278.5148636482
1354.2840910607
1365.453751849
1202.4215887884
1402.0495855136
1301.922615144
1275.2118357987
1552.8096883059
1256.7314135236
1217.7060538357
1157.6577995443
1295.7585541065
1424.063374972
1273.6549031201
1301.6683465683
1203.9699311848
1109.2128334053
1098.8379029748
1186.7853467326
1132.2893250139
1408.0540875607
1326.6626756625
1278.5134256973
1221.2558028863
1229.563405587
1306.0499375602
1276.6025831821
1127.4978954747
1285.9521304724
1205.7398734001
1226.2955270457
1163.7664141932
1182.001347699
1284.2882993333
1143.4934553343
1233.499744168
1187.6221551814
1295.9611358945
1265.2068222267
1022.9368859129
1213.3274937574
1339.5575128173
1336.1453769964
1280.6822511602
1318.5535054064
1276.1573951236
1254.3773677067
1272.8272570496
1313.0858930837
1203.9915870636
1185.5946333259
1184.6483575068
1459.1214771996
1462.6409793815
1269.5632268506
1285.2684122495
1308.8928493277
1376.5130756769
1123.0566227182
1389.9897218563
1320.7487331963
1176.9145636196
1151.989933846
1515.247836963
1302.5872709071
1142.9401379915
1241.943219866
1301.3986073141
1239.7067644886
1223.2131474535
1370.8592804446
1267.8565332953
1092.9151905952
1066.8393455911
1380.0453944108
1230.3399605863
1308.6902419755
1193.3204286293
1256.2104003751
1177.7589651189
1365.4410936682
1258.8188177439
1184.9771250111
1396.3064602819
1284.2533459859
1370.6126165096
1161.2190417284
1332.6035916075
1194.4375200892
1270.5300201866
1274.5186640977
1266.2646763619
1125.5377875565
1337.9356575522
1382.9350612412
1274.7842374668
1481.543430273
1281.5868267412
1318.5526705472
1123.3807974195
1507.2091862854
1252.4574024925
1241.1810002527
1043.2472606249
1278.7018461406
1232.7214063188
1226.2540419702
1206.8090499988
1128.5012415002
1260.4965535999
1280.4449720023
1251.5262199255
1179.2965336473
1131.5465884409
1329.8087562389
1384.3747893611
1344.4410561118
1354.8995095787
1275.0632027091
1300.8685600572
1248.5596698074
1263.8009014558
1280.6727624351
1140.6831319229
1148.5775208491
1278.7887562709
1115.933850184
1268.0743448074
1091.7732832935
1245.7978426266
1210.3248465393
1212.7739964073
1279.9174312416
1362.1398046585
1310.9834698321
1278.2421639611
1123.5717249187
1063.635105639
1365.5291056016
1042.1144732425
1349.2913950645
1344.1606628093
1253.8389313674
1163.1906929737
1333.9700017283
1152.1613687403
1212.0247269409
1371.3198148392
1150.5076889728
1280.702850136
1235.7341240968
1220.3354241064
1226.9049257272
1148.5036437385
1177.0920673856
1281.6533182485
1339.0027991272
1302.5275143796
1408.1631267281
1292.2863928179
1386.9085616725
1300.2002093479
1330.5536441988
1325.5518489144
1283.9171408559
1330.110224815
1327.9470536753
1366.0318887892
1225.5528185472
1250.4814732674
1357.6694361642
1325.6319028673
1084.9031238005
1208.3089822015
1427.5618277081
1247.0864310306
1225.8711890163
1143.5742356846
1182.5624480526
1186.413794772
1266.9691162888
1343.232065617
1117.641121604
1321.5720520388
1228.0605310744
1252.808320363
1109.8692721517
1334.2182091491
1112.7631206764
1393.9498129503
1173.4216440096
1307.5449671067
1165.9237292969
1219.3915916721
1248.8618288004
1170.3492962371
1282.6329899812
1228.9140628347
1324.3239457497
1265.979151988
1313.0409008776
1341.3279719577
1304.4830299917
1353.8319689108
1444.5960370514
1091.4276506859
1212.0855406005
1217.0346369031
1223.9364826977
1446.5401941182
1094.3869440681
1139.4251605795
1165.075521128
1304.9387726448
1418.0208860906
1338.5905900307
1269.1787874559
1286.0487406384
1323.881310647
1512.4571782698
1327.6208477453
1482.9658229144
1204.749969065
1328.7262640965
1204.3432777224
1287.4086801808
1241.1261028477
1242.0056126957
1248.407013767
1164.8491820521
1190.2894282401
1194.0355292941
1150.3924380917
1221.1598247943
1380.4489871778
1001.284080209
1204.7919169556
1395.2090418989
1310.7388986449
1193.5511317436
1324.3075188472
1073.6074225375
1174.0250358908
1220.2582213451
1381.4482049835
1241.8871886992
1285.6098186817
1135.2384542545
1427.8707848848
1220.1977614031
994.62520566582
1411.7204783015
1370.1988350918
1159.8430692434
1362.5738656914
1275.9266941061
1228.2073631281
1502.2138587235
1243.5809676351
1287.1044638669
1253.7321601995
1119.2175695867
1166.9519497726
1351.8506249001
1211.5937549649
1211.3969266845
1104.59714884
1186.3654652264
1256.4237294227
1241.1303571224
1390.1932447939
1224.5100820069
1191.284535453
1393.385094129
1289.4235745169
1328.6067648835
1324.1406288146
1331.3282705915
1232.6507962804
1192.3105857702
1201.724236496
1190.0318562825
1331.6361824472
1217.7786429834
1029.0614048687
1288.1176079864
1393.7134351158
1431.0249460494
1357.2914946028
1345.7740997746
1141.0466446143
1270.2428491616
1207.4010230141
1161.9906712178
1269.945076524
1225.9252589571
1276.0482321109
1138.0396463519
1285.1186496151
1128.1522870538
1290.5606570119
1400.3013233066
1044.5422977371
1272.2452539206
1268.5421547808
1231.4066322252
1220.5636149874
1315.4358366783
1378.2819486127
1249.0412530989
1216.394264085
1309.0921096921
1235.6368261662
1127.5699753507
1523.1020400869
1141.1811143482
1259.3799324923
1288.5513807121
1358.7151275417
1256.7760135433
1347.875478708
1170.839809283
1273.9842878635
1241.4558313183
1416.8667489391
1362.8852870849
1306.6450965455
1292.3978129773
1240.4958895736
1253.4249370203
1342.0264983811
1397.4374361237
1402.6436788696
1342.2024158276
1197.3487311608
1396.382126655
1340.4406972956
1384.6328121654
1205.122583498
1351.3994223194
1390.5168723633
1043.7749500257
1369.69359009
1400.6207674726
1227.0109859618
1207.0858620132
1463.814715832
1436.7556289214
1110.8973686805
1175.5309377962
1309.5751254312
1176.7338474812
1207.1947809406
1240.9000104361
1293.02102632
1294.5126332806
1128.9247178965
1277.9220417815
1306.4955244558
1341.3762134197
1250.7026978047
1295.248487575
1290.8401362256
1258.0107858369
1419.8457059839
1379.1190808939
1166.3548359541
1095.3065924475
1317.8339684288
1177.2656384794
1303.4841055004
1257.0132760644
1410.707169927
1209.4549605501
1238.1114158985
1289.087483042
1274.5880483297
1292.1862504255
1077.7217056914
1270.5401320315
1449.6130163562
1228.1612555171
1212.641785632
1297.7021351575
1282.4214330032
1303.9578706336
1170.6108416396
1243.4107557663
1387.6904100643
1321.9145574725
1306.0839347415
1434.1437300907
1188.0953286974
1390.7533173548
1387.481560643
1287.6880013925
998.438449443
1159.3980372739
1361.2443130829
1225.5843873444
1183.0531759132
1313.3400845509
1371.2317179718
1201.5183857979
1236.2522351232
1332.4959879497
1200.0708640569
1325.4520742667
1223.7440738452
1080.503862742
1124.5128473336
1014.1414968029
1409.7421819117
1146.329140006
1107.8339856288
1188.5201247195
1237.5332070071
1267.3872424222
1429.5699973608
1266.3179187313
1228.1113712581
1276.6841982984
1206.0032132833
1327.1078454629
1409.8388663797
1268.9387123487
1252.2291022663
1319.3183307409
1178.2653303925
1259.8164309982
1132.0110491855
1213.5630407268
1433.8762656262
1256.475883218
1234.184910794
1235.7814027928
1412.9265511388
1325.8220019933
1230.0956155284
1166.154610929
1239.9259853212
1219.6287976353
1251.0102057927
1225.5680885715
1157.8282834731
1214.7350119488
1289.4530479086
1267.7835522861
1160.980562772
1387.7347991528
1228.7500994628
1115.1036091313
1321.8014530156
1135.4226568678
1432.6068608701
1414.9062076137
1242.5045013226
1120.3602010161
1215.3264557957
1209.9270089036
1317.4777452565
1246.7735453914
1507.4876886707
1150.3460595169
1244.0102321882
1258.7955983321
1299.7859541962
1339.9790246908
1431.4618462576
1159.9436433071
1113.160374594
1353.2942519341
1154.7072873221
1424.2854996944
1215.2404429054
1163.2674439418
1085.6083471594
1178.8974186236
1232.1772799541
1337.3446412189
1199.061175021
1358.0603346938
1183.2080829853
1254.7184568354
1209.9303445456
1148.0136312844
1365.0251687784
1119.4764800202
1364.2366124368
1072.2918475765
1123.2480483268
1350.0710340067
1338.9367234407
1453.416173682
1297.3043420438
1009.5211472012
1511.3592565835
1131.3334807526
1274.8069326379
1235.7632038389
1227.5535829757
1342.5568821743
1233.3000376936
1375.9126083845
1507.3978866537
1249.3721849472
1491.3343333812
1213.3276334235
1283.0338581491
1272.6917899084
1279.9101531776
1155.8743918309
1202.9637876161
1267.5614958169
1434.1305993505
1398.3151776139
1375.9678630559
1071.2130252763
1153.3620322862
1129.6191674143
1205.5330943977
1271.1046308652
1390.0655407173
1377.5645164737
1360.9771201663
1211.0111995611
1476.7215625994
1098.5738302275
1384.9562360918
1221.1835405402
1403.4021404219
1175.0193043324
1174.616803505
1386.3626231296
1132.4862634858
1438.9269497544
1279.7545468969
1222.2495652679
1244.2695659676
1279.0772399093
1240.1187481132
1295.1532800843
1433.562681778
1291.456645756
1081.654387508
1250.1236014054
1262.5649913208
1453.9644521477
1262.4458248247
1239.4181593133
1377.7596557189
1170.3326945411
1174.528279151
1189.2995362463
1218.7333235149
1091.7515585327
1301.4053878882
1197.6147002004
1275.7742990635
1327.909963293
1217.0101823298
1298.134542969
1263.4364620431
1299.7841923118
1273.4723204652
1394.8228457425
1402.397331969
1246.6484709569
1432.7680057113
1287.7441051447
1269.5688654072
1211.8534796407
1190.9712471773
1258.5771255912
1397.1082105379
1374.8024337068
1240.409024924
1294.9246024064
1339.9638426
1292.3879883783
1189.1319729408
1240.734484086
1251.4589511462
1436.4925872644
1178.4773185928
1221.1887673746
1212.9925677152
1234.3754015305
1311.8770574005
1307.8754288269
1295.0923402704
1349.5230644003
1232.7394125901
1151.3845548697
1168.8575271716
1191.7831679615
1192.2650439545
1317.2986430068
1378.5247064192
1112.8344263338
1171.9824110307
1308.690450892
1365.6845844989
1351.4314650459
1372.7509735463
986.34282407707
1445.7234162194
1156.4675167325
1480.7168429295
1286.255336989
1007.836672956
1438.1532631135
1438.996801196
1306.8553538354
1242.7033367198
1220.3430960318
1136.4738467886
1345.7788655001
