1233.5756431772
1185.4142507062
1193.7730741413
1117.7936876666
1293.2167854502
997.78822157064
1278.2062510728
1259.9652459818
1239.552925828
1235.1405128188
1212.6693744095
1172.4851907611
1170.4270882686
1188.8713805881
1292.2125203956
1264.5388311349
1292.3260332791
1215.499897619
1327.1930893021
1247.7406558001
1084.0374351573
1290.2030710671
1243.1240447616
1463.7614837667
1245.3687495348
1352.5016669295
1403.263688436
1515.7444017927
1151.2642320302
1136.7738656847
1442.3452150267
1232.0376098181
1507.5161843403
1252.8724374366
1369.4133472883
1288.7041665551
1450.7803208458
1162.577418359
1290.2801239234
1136.3246820838
1303.1502107273
1231.4779123718
1237.2230742685
1124.6825001479
1348.1931343417
1283.6965685245
1124.0444659072
1133.6082820075
1171.8628828866
1207.1439506434
1403.1891281968
1326.4532902141
1333.6255766359
1445.0359426927
1313.2897248983
1237.6156546803
1104.9296440839
1292.0130644188
1345.1454233676
1455.3163168374
1067.802949761
1350.6994213932
1083.2409225179
1307.6337603469
1274.7871811061
1184.8504536849
1342.5636152784
1292.6451781954
1325.6685504654
1144.9008271493
1003.000517822
1472.9675836615
1232.4461011734
1281.7006897367
1303.9936259071
1309.5424720589
1239.3942381247
1362.636351768
1262.5028976669
1301.099137785
1268.8568651481
1432.0028795285
1399.7815180619
1172.6008264562
1196.6425614485
1169.1320950028
1166.8178271492
1370.9225351264
1407.9528121467
1299.3982240961
1271.4036648476
1126.5799992923
1338.4491842827
1310.2228514253
1172.0863797924
1358.5343048981
1123.5886647221
1279.182994868
1396.5083723271
1291.4299222929
1367.7838318593
1386.9330405621
1234.4362748973
1364.9321034517
1275.2976997168
1342.0016889556
1333.1028668303
1591.1477226221
1309.4498917734
1408.220629262
1070.5066362953
1264.0030000508
1270.4975951954
1243.4082901011
1318.7663091044
1227.7662750787
1419.1458066358
1412.9545727441
1382.5425983352
1381.3572278457
1397.6420337146
1379.8938042439
1089.358115101
1197.452168961
1163.0688195695
1081.7318117683
1399.986408826
1336.3745568687
1352.3489744456
1286.2240194228
1233.3577261689
1361.1676523568
1301.5553943013
1173.0832059528
1416.7048004076
1354.3637592764
1112.3834597867
1359.4310376429
1362.3892307406
1133.6054530352
1225.2165251927
1461.3113037421
1251.6648311342
1071.5635712321
1311.9914554657
1287.3693807538
1218.8112956604
1363.8403459198
1230.2359850119
1366.909154395
1462.7304476164
1206.4067122329
1241.219842667
1279.9104697913
1227.7992872298
1174.3842819555
1288.8558701937
1052.4620884808
1191.5378737798
1198.3834274741
1329.210269441
1316.9721018064
1214.8555160797
1275.6456734015
1271.4914386992
1499.3539655907
1251.4158887134
1282.2791911066
1200.0264403017
1209.8983987914
1234.4161919536
1272.9091642072
1239.3011617404
1240.6581502684
1148.3155826932
1337.8237543325
1325.5868192693
1200.2088136844
1344.0830006118
1336.0434579109
1248.2941456364
1410.9827146826
1270.8181718335
1257.4851185765
1258.6768738462
1253.3509177511
1179.8745310216
1221.215561221
1293.8121370835
1280.0388520564
1239.6168510624
1240.2461820208
1189.0536073708
1240.853051948
1125.0951531827
1413.0995822666
1335.7220370093
1202.2095856287
1339.2965148458
1208.8801283223
1282.4700169863
1285.9999109193
1392.6330861898
1327.2478156206
1262.2036278253
1113.9560323029
1248.5006747476
1310.9058299606
1289.634398656
1173.8810718223
1241.9329853781
1233.9066831621
1468.8755393167
1140.1673507013
1151.6030985973
1228.3231363378
1292.209452597
1348.5233990446
1399.5552928785
1327.708055617
1145.6745815983
1263.7875755974
1250.7235982853
1221.2722975366
1160.292005801
1305.3844557557
1243.643970222
1346.055027271
1253.2337456945
1164.0042963162
1208.6443311706
1113.1448486602
1163.1774521257
1115.3005371742
1314.6566226482
1122.4444189378
1145.2036399399
1154.3434283942
1350.3165197294
1229.2285433184
1221.5752458826
1210.2675618286
1345.5515636408
1269.4836065549
1327.3268848298
1209.0815498401
1182.6963547912
1188.6569841062
1423.2251549988
1341.7176609265
1277.7762122604
1212.6464655074
1206.5687559119
1228.9672201541
935.20980756366
1034.7088077116
1240.2843644412
1293.5555139512
1219.8470206638
1412.349328205
1309.8098251992
1365.2948271415
1302.6697818611
1288.2059288868
1265.5452553972
1309.1466822276
1473.4125753169
1281.2983417839
1050.0540356903
1203.838511984
1375.7430819495
1160.8994260285
1288.7719386002
1202.4969184681
1002.6480389638
1237.8872980994
1405.665717491
1227.1013470346
1355.8516243378
1207.4528865841
1235.9144078896
1424.6409394958
1355.9844859473
1137.646211542
1414.7993787769
1440.3106170171
1125.7161299815
1169.9139793766
1227.4986972399
1416.1208324013
1230.1425700342
1077.6919165424
1288.7691577326
1100.0833203652
1228.7406876504
1370.3178390586
1360.0723699267
1265.0963482482
1157.9087391262
1285.3588053056
1378.9911519382
1182.7777670492
1216.1241591501
1164.6234710603
1305.914792092
1339.3287284611
1164.4241154121
1112.9012617494
1220.6982042348
1231.9894506979
1076.6146903046
1237.1697902273
1230.8735160392
1205.9002964219
1231.9074834842
1257.1218695449
1398.0791783153
1433.2202666864
1328.5936365095
1273.2071446315
1296.2504994032
1400.0514292427
1270.2912845469
1432.1317403278
1275.6111737724
1367.9443010479
1238.6503386827
1342.5049814259
1392.218401197
1117.4684956467
1358.0838836286
1341.2557909076
1338.8741017893
1268.3102467643
1256.9203683325
1319.5923800997
1181.9439358771
1150.4446164575
1237.9110431699
1243.6444159602
1307.5706731722
1202.8073806379
1449.9932677857
1242.7502343527
1297.951585612
1260.1338381807
1140.5776577662
1307.1218752772
1212.6754243676
1339.9975377153
1270.3198322183
1199.5551063697
1260.8780553486
1178.1160946856
1195.2240566254
1424.9495830379
1168.1740407086
1414.6716062647
1118.5386599561
1233.2281884994
1460.805607895
1390.0304873448
1260.066607141
1251.1861310282
1248.7092696204
1158.0534078958
1094.3685355666
1316.3870034118
1470.8842855587
1248.4916747006
1174.104967861
1363.5874583227
1280.1049214139
1236.1387328809
1304.3560998996
1212.6703290181
1255.1090088843
1168.372810877
1275.5409462571
1391.4839219411
1203.3153044373
1297.6961941542
1259.0135867325
1346.1885480237
1315.7011659878
1212.649794293
1335.8614283384
1198.6120574611
1409.2035134589
1378.2323065676
1070.8297461157
1310.0103650641
1093.7671610492
1338.4752803496
1481.9020059384
1339.8523262225
1252.7883070958
1038.1658914188
1129.3422563046
1446.6358757721
1078.4226149715
1216.7675364741
1180.1222607655
1250.5542635176
1289.9865477673
1228.3595348627
1316.8601164703
1297.0431393196
1138.1976982328
1023.2441510942
1206.5805209477
1100.8184656212
1137.1543409989
1366.7105790643
1231.5337293163
1531.2405682133
1299.4791072212
1249.2534008997
1206.2893061941
1259.0699557404
1193.9462536844
1271.9814009561
1172.6531417201
1089.6526977155
1246.8557124012
1296.4964651497
1323.1288855669
1091.1639947393
1246.0978665392
1299.8685256917
1321.3950134463
1157.3630160495
1257.1017290077
1056.0098875434
1317.3270092361
1431.8754499506
1271.7547322809
1107.1602140513
1091.0823271467
1301.371409671
1158.4228491904
1318.8273125211
1227.5926990876
1332.5815722961
1081.8560946264
1434.9721366385
1317.7366302553
1311.5016202752
1322.1753214631
1245.8160288954
1349.4425473184
1398.2437080741
1076.8776069604
1344.8926156399
1409.1833037766
1280.8139373471
1219.4979269289
1378.7862374942
1271.0198131695
1385.4967490086
1250.6450056023
1208.2972207999
1172.5029725385
1016.4511524431
1176.2701082465
1344.2891109861
1287.9533641282
1402.0103602422
1259.0289846346
1077.2589371921
1213.7699882272
1276.9196239996
1181.1141285846
1272.1099105993
1029.0634061219
1249.8806966269
1266.882467628
1283.1895520344
1354.436193978
1300.8541345878
1203.271132983
1214.0494399443
1222.8519910406
1149.2377715497
1225.5180888548
1302.2916295119
1251.6327333398
1168.6681948
1302.3587612772
1369.9892721323
1406.5370481266
1199.8767546125
1356.8880336724
1047.2191276905
1187.4209178622
1258.0939722212
1202.8918772102
1103.8866850576
1417.105671852
1284.9107105012
1108.3491686556
1210.1530376705
1108.904009575
1299.8176519637
1208.5448646288
1418.1469453116
1480.7593149292
1170.6336370817
1532.5122392873
1177.8369532166
1258.3757318036
1300.2392023982
1419.3580985876
1293.2138105403
1364.4984269957
1281.7100115861
1172.3540469385
1192.1004107843
1245.4442149034
1338.6109583183
1276.5511353021
1285.1072297135
1281.8001635947
1084.9659605193
1287.3200554399
1200.0860257985
1425.2025232979
1226.2466269887
1284.6937808249
1390.0184214329
1175.1384606155
1226.4515841277
1119.671610924
1077.2066161975
1338.5099214315
1132.3458774917
1090.7067742008
1176.5963275819
1158.5235314659
1285.6089917079
1404.7568671295
1386.2032205182
1306.3126593896
1274.6893559356
931.44474006007
1264.5699598909
1101.9196520038
1178.3833890267
1295.4824363017
1040.0922787297
1317.1413643028
1384.4439098627
1308.5656891427
1263.1004998647
1167.2478219301
1056.4898395456
1265.6192967929
1236.2265610937
1256.5479415996
1382.7020236737
1226.0924436845
1174.7729233341
1200.9083412007
1353.9291957753
1238.1077973904
1166.4476870757
1206.0480738254
1308.6141471236
1213.1744488953
1298.265235145
1465.6534296107
1279.8037405974
1193.5132330907
1307.580905189
1197.0197764318
1375.5637406998
1216.0359904386
1207.2500213762
1268.8821821611
1347.640344014
1354.7202998146
1229.7027541373
1407.7127316971
1283.5626796572
1183.2388803297
1217.7543130917
1293.198198475
1205.8963316805
1227.5233651278
1189.2145378817
1211.3696752767
1168.2387719623
1201.0020694715
1274.6508756753
1451.5231670756
1291.8425477516
1227.4938855091
1147.3971855276
1169.4166813374
1242.1088703701
1231.7981934869
1303.1260244158
1323.8738010195
1069.1206682749
1134.9230861578
1229.7572203401
1426.5549811476
1288.6341468543
1368.6407442499
1167.4492020599
1251.8642599467
1332.6709200018
1302.1956426415
1379.2423008744
1290.4649027621
1212.6917822929
1166.6658136504
1308.6090756558
1236.3738479006
1236.6265854229
1275.6913527612
1278.1340243322
1231.9621870627
1164.6813355553
1152.1138203661
