1216.0424381808
1275.6896789278
1286.4988532758
1136.6702723464
1230.880403053
1357.3554693461
1119.848309085
1162.836773006
1279.1302625157
1354.7831988264
1279.9474076678
1304.2256784224
1380.9118336232
1452.1685954412
1245.8117782361
1300.4078069569
1220.056482682
1301.9716415129
1189.5949290294
1145.0617001867
1300.1145229541
1138.9091933712
1375.8848169386
1375.7272875335
1077.6172319261
1560.2442967269
1334.623543427
1322.5715440211
1384.3169983493
1387.6198556327
1397.7044019528
1188.3596473086
1243.4937962559
1128.2491421588
1250.2713744315
1182.6831908339
1170.1718453287
1085.5375174414
1217.5064123797
1330.0697293597
1193.2087698759
1348.848643456
1463.3257174902
1260.1434759538
1294.8047051259
1265.8238305551
1192.8408586394
1235.6264680973
1322.1170760624
1078.286571067
1281.15557696
1354.7082200014
1279.7558382979
1477.1765300352
1137.4731708433
1297.4620759434
1203.7447839895
1401.4470246725
1338.3566187917
1300.4579645948
1382.3440386921
1247.4499887975
1269.9102856786
1283.648420838
1288.3680663584
1153.4912002175
1187.8799827551
1133.9350103902
1297.0871198208
1283.5323713213
1169.2923873895
1281.4090177796
1259.6923632739
1301.9175760922
1269.6359748781
1232.2477072098
1178.251613454
1219.3045211064
1208.9800995874
1452.9897514976
1241.7510397477
1489.6320992645
1339.1384824437
1217.1797368091
1510.1361155297
1251.2262888332
1198.0057541142
1053.105111083
1192.5730067625
1249.1983267336
1340.9060127586
1204.9481055143
1253.4863662991
1237.1153961115
1288.8075351488
1330.8880650059
1165.4827675902
1170.7163896537
1295.3972092211
1392.6457647934
1390.1068847274
1424.7600889631
1185.7797644878
1322.3918569727
1425.9894988408
1336.9878676521
1246.3831952466
1272.8939082756
1373.3727385074
1302.6350078697
1189.9025290456
1221.9560005113
1223.1781051429
1366.165933248
1289.4556933665
1123.7330565977
1333.719014719
1191.2894564664
1534.6159365369
1237.6196406042
1305.5123043147
1397.4297608357
1335.4343555439
1184.0467503244
1234.0584560288
1180.5321402236
1155.1747702385
1134.3512359407
1326.5828580274
1454.2006118943
1223.0953902931
1266.9239816857
1360.3422655785
1306.8181954613
1278.5108614496
1119.1788604205
1149.2992048509
1040.8739115664
1383.4833465537
1215.0097581957
1352.5435924901
1151.3006575365
1153.7714076527
1272.5105082692
1252.3182214747
1261.2419628866
1275.6255690675
1286.430220353
1143.5543870064
1267.0407080967
1222.3046829581
1219.7045877441
1156.214517724
1276.7439018246
1401.4601430641
1484.6028551861
1274.0386749333
1229.3197944905
1337.2061111811
1413.5363700701
1250.9083518785
1241.5414135682
1222.6082070617
1128.6196278573
1314.6636716455
1307.0957939845
1157.72550064
1375.371618723
1089.0899581979
1250.5136777456
1315.3325274082
1236.7503216354
1359.0484448487
1252.8184075211
1327.2481881551
1280.8904498865
1345.9855186778
1172.7383967523
1157.3391976139
1390.1958478173
1254.2329363578
1145.8629571441
1322.3340322335
1288.2429576711
1347.610370107
1198.1174784305
1342.7127153954
1412.2944305858
1449.1307394099
1402.4255244155
1390.2434279082
1250.8973695093
1457.7343753074
1276.4609173502
1343.881509065
1243.7682175899
1205.3959270795
1343.3501616934
1191.7112472584
1140.122181083
1222.27315008
1388.9798416303
1237.1707850105
1155.3103357736
1429.1452863623
1290.3200113357
1289.7189520721
1394.1940981026
1208.7510336688
1198.7526194751
1315.4438938362
1173.5839896046
1317.1751803017
1252.190204115
1415.3294869118
1324.4729120168
1105.4645831462
1275.5265101666
1184.0627814565
1250.6880918168
1272.2283260982
1183.1836801003
1204.5163509068
1210.5022977138
1143.0784436364
1268.2180777077
1094.8010069535
1290.3663070746
1105.0844018282
1328.2546253606
1246.2299141696
1297.0032768552
1300.8570239567
1322.3738235446
1232.1265323593
1475.6726186524
1281.1549841496
1080.9868113543
1343.7993996919
1174.0861414005
1395.7753230591
1211.2717667188
1124.7685758253
1235.476643644
1215.1457463889
1323.0803271492
1327.0147883491
1136.2116957043
1207.3866252339
1410.2645503243
1282.3666248595
1207.6937892626
1374.7079268016
1238.448491587
1146.1713712795
1329.7928300827
1377.5587388501
1096.4400746958
1187.2767425596
1395.3243816939
1191.8059029477
1221.8833449939
1374.4065453241
1313.2440776727
1187.4035392714
1297.1851574284
1410.606183142
1203.5205950056
1166.4743661252
1259.1519501069
1180.7653301049
1345.5421609502
1213.0220081922
1107.3012960962
1391.7612458177
1228.7402262996
1234.6053388058
1334.2419135479
1216.1456322176
1368.5661144262
1267.4563805922
1087.4859718202
1188.2312465046
1370.2831021623
1354.9996344325
1187.283257836
1221.2725141471
1505.7646258416
1158.559578923
1310.0925626986
1190.3799706455
1226.1444640615
1332.6161798691
1313.3332841657
1292.9140684719
1221.095879793
1447.3601762228
1318.1148546836
1245.9011293551
1158.3376424988
1307.01331473
1317.4440763669
1106.0833350204
1115.8420232387
1290.9922324035
1305.557929684
1310.5247728414
1281.8440835377
1207.7400925295
1435.1397491558
1302.9615361281
1271.0257777334
1103.0249696268
1257.7386040951
1270.453044928
1222.4505396926
1270.3612852076
1329.6664948046
1227.7545312658
1318.7699993436
1185.2685425726
1255.5195941109
1312.1752577338
1231.841602246
1237.0688480423
1459.9276311843
1210.7474917269
1301.008605261
1135.3862935128
1339.7534053848
1273.6339432904
1300.4535194348
1301.7846832406
1406.7183846097
1298.9623654981
1265.8477807354
1178.2306689968
1273.4386879081
1222.1712976022
1181.8404613827
1278.9630676177
1346.4366788342
1191.9908280657
1156.7302301423
1279.8143956929
1248.3168910361
1105.031971192
1314.6527564034
1177.6629497627
1186.1011705656
1152.5256690387
1127.3393008499
1247.0549102767
1279.9625413386
1114.1906566098
1275.0456707936
1034.3454911093
1356.0844662794
1458.7746011652
1245.0490455885
1391.9029663515
1155.597776025
1341.6584479896
1283.5833912344
1231.593737261
1257.9319500969
1273.5033033573
1326.2713792851
1220.0665916929
1080.4067450586
1298.8403517452
1070.8875591833
1351.6403018535
1219.259679953
1180.8352165683
1275.2223667527
1179.4784792484
1355.6277127741
1162.1753553072
1386.6394585107
1309.8398299679
1274.3998401949
1405.213360609
1289.6064246906
1345.1844519567
1283.1436106617
1207.9090121846
1295.7889821154
1477.4954293598
1123.0411164697
1176.5120006463
1205.2479422982
1181.1169747041
1278.5915696068
1127.6635407329
1233.313383099
1252.21042436
1167.2439915169
1212.2149475203
1344.9353636334
1374.5612662738
1262.3621968455
1022.4628761224
1238.2181678633
1279.8864533486
1234.2251210191
985.59320568744
1379.2167989949
1142.8221307534
1099.0504614357
1167.7680734848
1258.6644599051
1236.2755869301
997.78436682348
1174.0200403265
1209.8486884388
1412.3825587035
1214.2532052449
1101.2322862899
1349.8343532767
1193.2920451092
1005.916740532
1217.0173787505
1343.9498211905
1264.5033309948
1234.6182718789
1202.8536269186
1306.8756356696
1400.5413641353
1258.6132447085
1148.1187273344
1345.4982886884
1037.9245430752
1143.0021825451
1247.5920160053
1234.3490330767
1372.2596167448
1143.8221929967
1183.9096684907
1244.290186642
1235.2054067118
1093.466617236
1226.1331309826
1269.1696563722
1362.0043422377
1243.2994512104
1177.8976537729
1334.7348995221
1394.3915894271
1147.5296198387
1263.6641195425
1328.6613509221
1158.0438346139
1121.7278886204
1138.1910500476
1266.0807460109
1248.4569222095
1258.1333922467
1327.4822734873
1099.1002994039
1282.6580913705
1334.8564248963
1363.09132254
1141.280020007
1243.5507118689
1167.4493679784
1401.8096258876
1099.7674751355
1076.6732784191
1434.5040693185
1336.7664407461
1171.816091328
1151.3262941182
1179.811526765
1271.4400973347
1215.5171003162
1151.5540155422
1306.022645196
1322.7616236466
1237.3571151505
1311.5745042515
1282.3161631769
1294.6905394057
1348.328450547
1287.191479346
1391.3495503193
1216.0543971322
1105.8274788533
1172.6653131849
1324.8963594661
1292.4762500384
1363.9626459682
1309.6247964717
1332.2983080134
1286.1773986776
1362.0808220375
1202.9305695461
1238.4089981817
1298.1384924747
1254.7771230364
1315.1405932631
1378.6827931504
1382.7276936741
1221.9466695449
1351.125489386
1316.8145878893
1235.4177672656
1160.5685185956
1228.4205482141
1397.5439658637
1326.6741025946
1169.282023588
1163.1469988725
1276.3202457816
1310.6217806445
1179.2438758878
1202.9667182127
1281.7337867673
1276.7826546244
1321.888220654
1349.5298279505
1246.203411588
1236.0728397406
1156.5704357963
1328.9108920692
1358.9574488428
1123.4730924625
1258.789632824
1359.0530152724
1221.1293476693
1241.7476300678
1275.2704190841
1235.1538024909
1223.6111726753
1064.6116839267
1254.9859980969
1309.3507020203
1284.7633879792
1156.8507093513
993.67556396741
1453.6281776715
1288.1923238957
1120.5457571035
1231.1098980644
1362.2550743324
1304.5138355258
1186.181218028
1325.7479864364
1236.2428411729
1213.2735708192
1138.9412197339
1303.0544072792
1291.7060968603
1021.9650473649
1110.2430518092
1340.7892612662
1344.2129218937
1213.2587443848
1363.4123573884
1228.0859600858
1264.4222046804
1196.9768612608
1082.2531605765
1399.8399025532
1086.455618348
1104.5358285929
1200.6851544223
1099.5561820636
1177.0543970365
1065.3549994762
1247.2430126408
1404.1182541395
1232.438814791
1140.2674961728
1354.0550644648
1309.2702674597
1245.828748745
1260.7053183209
1172.5067557811
1017.7121200261
1209.1994171644
1277.7446449804
1173.0645406453
1421.5803743191
1458.932987527
1075.936321127
1212.1537626012
1222.1454821437
1319.2314322737
1230.7463162477
1258.9761362564
1410.5828686493
1300.0591421778
1265.8367672199
1119.7301368633
1204.0748385654
1140.0888282857
1159.0769884356
1294.3465214495
1213.6693075183
1307.7952049034
1053.2019940948
1063.6161255953
1303.1543010625
1410.9947645896
1370.2864489234
1189.7047713079
1475.1936911915
1253.8182317154
1283.2868498869
1306.4720022315
1326.2329157624
1131.2062532697
1262.8609299516
1223.6771172696
1316.5943290245
1284.8705061409
1252.457113134
1263.753945536
1231.812023871
1178.2831710153
1160.5320818122
1341.3985204649
1396.5365446272
1282.8312368887
