1331.8598351628
1417.694657661
1190.824626588
1142.2033341867
1339.5506605026
1181.6589127208
1202.4172027636
1322.0329197568
1172.8272411839
1237.7245019615
1189.8827351396
1209.7403855589
1198.8692998961
1316.7715703436
1314.1116619831
1357.2293943156
1118.2805976549
1131.6287378794
1334.1169746317
1125.6713580373
1310.5346947206
1339.1637568582
1315.4159118273
1225.7596626291
1316.9833168298
1325.4238027855
1237.5314450155
1139.2323230982
1262.38715593
1231.1665432889
1286.02357363
1230.217055149
1085.7930133708
1057.209885598
1329.9766036601
1301.5270422224
1247.7579936266
1166.64063704
1230.8035514441
1112.5243696711
1137.6653815561
1289.1833682494
1169.422458154
1369.2599997719
1222.7864845724
1374.7376574348
1287.2553597032
1385.5490701131
1214.1559345104
1400.4857703205
1380.2523468696
1231.3137673312
1119.0043164378
1323.4092958968
1419.2003299771
1319.7330445868
1278.2702452197
1146.9147871049
1131.9796744697
1305.0323565177
1345.1920448666
1409.8154221157
1420.3836481156
1257.1250187523
1175.4089885278
1316.145684708
1174.9828757502
1194.8927027351
1341.0399164529
1099.4596758567
1041.2059980092
1370.9127723898
1175.6555730418
1235.1643775419
1244.6849943823
1140.1379051244
1194.3456495879
1240.6410418315
1301.2839832745
1343.0048477087
1402.9434485575
1286.155082777
1220.8320129721
1365.0982759737
1305.8027716386
1330.2386766563
1235.4459799167
1273.3644340967
1113.4528964582
1335.8995373037
1202.6155359202
1394.3276108206
1074.8947372908
1148.8179053997
1153.1533679284
1117.1886075325
1313.6465250257
1249.2257913457
1071.0822974906
1290.2629541293
1251.963557184
1323.6620066143
1391.8018784518
1186.0654082159
1087.557629238
1085.3613379532
1301.3867532628
1087.6441461751
1254.4385361314
1145.8978970995
1154.1320790714
1316.1057141215
1330.4066480821
1155.857498924
1205.4461001157
1281.8845594771
1229.8633875895
1177.9345823001
1170.7168841225
1403.5437667111
1255.6730618743
1202.1138131829
1340.0546658059
1206.257252171
1206.9243734786
1164.4080676799
1203.0794438765
1359.6883542552
1381.3448019702
1211.5964782641
1061.4156717183
1320.5037028552
1241.5008490854
1176.2769526561
1335.8419908961
1232.6949324746
1219.4020517575
1299.5416122444
1242.4422664
1207.2169921255
1185.6432983716
1315.3203677888
1375.7581375349
1223.0872521089
1168.5334737273
1307.6343253107
1272.3109119845
1096.3048362271
1366.2226118048
1165.8078248454
1438.3394273272
1405.3202296557
1197.7421511531
1472.4036551667
1154.5742164568
1284.3151496908
1327.3001384465
1157.4374335009
1563.884060866
1343.125440609
1030.4811901376
1155.4219300333
1248.1924122353
1129.4224537382
1306.6059907341
1368.8439835971
1296.2311777519
1318.6906961627
1279.9614915847
1191.4792062119
1116.3287247398
1101.3597051309
1346.1834167619
1363.3471471983
1185.1116776475
1245.8899723993
1170.7633555822
1209.6873186248
1273.6548914785
1253.8020325309
1308.0004780345
1298.2015504296
1339.3601182978
1246.2397837404
1162.1081391713
1305.6232748194
1222.9353727717
1299.0705838702
1251.9217510193
1400.7884572356
1111.4999189476
1109.8785872824
1279.0010766596
1219.0512713027
1139.0547164539
1095.9264632796
1105.7917371118
1300.9670522364
1256.8353612486
986.80327306681
1406.4350767102
1421.2386893967
1323.1651888164
1276.1052578862
1307.8617228848
1127.4265686109
1093.0461369263
1100.1170861391
1264.9995537991
1197.6148064171
1195.9788067492
1306.626560429
1229.0893575941
1065.344240543
1291.9393509756
1443.9192579498
1292.0581286245
1161.8291844277
1148.0242497792
1183.8119683479
1158.2221182933
1230.7986102369
1220.3288168299
1296.6589469921
1119.6414731605
1254.4080175849
1152.3418512062
1325.9044354964
1377.9676332156
1252.3040831417
1390.4553111044
1282.4908717521
1318.5828806364
1245.6363590334
1335.1662520019
1161.7366924061
1225.1850640623
1309.4527721071
1336.6486484203
1382.428814869
1205.4078918523
1307.4899095951
1206.3652823994
1127.5378969376
1114.4932688291
1243.1573369661
1168.0574148913
1217.9928001858
1298.3454843726
1268.6104392844
1343.1947137842
1074.723621537
1289.988894961
1236.9569408541
1138.8448257729
1181.4732990891
1403.7475263586
1169.4489806904
1510.6411234831
1262.8587764731
1234.9140381044
1404.1330094535
1241.9358977146
1283.0150285486
1339.029205563
1160.2832048833
1281.429798883
1200.3648178384
1286.544650401
1286.9264648048
1244.5228431618
1315.8482886114
1368.6766380138
1333.466035177
1343.920612586
1426.4887943505
1115.3727532924
1188.7859170907
1145.5952892397
1211.3195047147
1348.1444990294
1347.3986457186
1206.8809963387
1419.9745734276
1350.1849218971
1252.8368712087
1272.3732732877
1196.0759406641
1219.3766800395
1300.5751441087
1187.4168799238
1237.8247919143
1101.6086778977
1151.3436889742
1290.4246182674
1201.9777428166
1198.3164325886
1122.5690813451
1230.1703039085
1198.746397704
1166.6092676619
1429.3531507454
1373.5978870381
1316.594284799
1247.0490080632
1360.4266218405
1316.8198579746
1268.1431039062
1141.8987342906
1164.3306433399
1315.9432846289
1079.2455502655
1283.9224205083
1175.2913422739
1222.4651575654
1070.5645900335
1341.5945877903
1092.120741754
1280.6347654815
1383.953516869
1278.7880647382
1269.4270120529
1292.463620625
1303.1773700113
1218.228328002
1197.316505511
1259.6370493496
1187.1105673232
1202.8033456279
1274.2083329836
1515.8448051657
1296.0120958012
1343.8620544677
1294.8492717493
1467.2541361331
1205.7231726395
1289.7681702156
1358.5701453083
1275.1996820607
1454.0862586114
1189.626304724
1268.0195998333
1187.2337482697
1209.5930438198
1221.2409853299
1268.402831006
1190.8789214698
1389.8640297873
1300.0755253436
1342.4855992782
1318.9727506914
1342.1256951327
1377.7906427514
1249.9647302497
1225.5743392884
1366.1263634578
1407.76767389
1110.0364039942
1207.1083235347
1125.9257949437
1143.1942690883
1251.6423275133
1117.3645370467
1289.6281555801
1271.7846104024
1320.4916269035
1248.51404252
1354.1339214221
1322.3304296886
1198.786242089
1152.1076605932
1364.4186563688
1265.8208811566
1373.0384427754
1338.5047332148
1316.2100418419
1324.0365694372
1340.527629654
1236.0579930214
1452.0577690691
1312.6430553262
1253.5144372714
1356.5229745386
1241.4086519261
1263.6662160009
1368.8157851118
1129.5040123121
1407.6928408115
1360.5706765819
1156.1111023599
1290.6894731367
1266.8447261006
1320.8350036008
1210.9443192253
1380.768038052
1171.0922155704
1393.3658610091
1180.2290815029
1365.3224117907
1215.0718588987
1320.4902686108
1307.9948055214
1284.5166960019
1121.4276206495
1149.1219246655
1122.4613645055
1171.3837257997
1228.9493229314
1135.6826418262
1374.995390492
1226.3962018306
1006.525507417
1065.5625291135
1302.777808957
1455.5729572934
1108.6950836802
1121.9419543406
1235.5850921447
1255.8284037822
1117.6193084744
1287.5751395904
1213.3117643241
1282.5162264596
1214.7426974087
1237.0350489343
1475.119419198
1213.962672864
1310.7827941541
1385.7601132826
1298.4198495318
1090.980500979
1241.6614144212
1242.5170761246
1358.566405598
1189.3510261537
1174.472563054
1446.5036011367
1343.83868688
1201.3445047354
1074.2543714166
1176.3274572503
1338.0662604341
1123.975393601
1281.74412601
1074.8073267176
1235.1415895672
1090.5859041907
1238.5662346516
1319.6171465789
1131.9761165617
1362.544161331
1349.0385742442
1077.9950586928
1106.5773506168
1270.2488627398
1368.7292789052
1158.8160639561
1221.6176984261
1309.3050446179
1404.0992212582
1436.9290656938
1240.3365550947
1136.0948493897
1268.6768440728
1211.7735250269
1258.2814390215
1280.2355266954
1392.8134724774
1377.9989845691
1306.8259996587
1059.173206871
1415.0932724114
1214.3226505641
1328.9632161788
1398.5783108708
1354.2265955015
1279.0923809002
1261.4123794523
1310.1329034119
1287.0468144514
1289.7646214556
1303.3249613507
1502.657622703
1221.8569781843
1366.343802381
1311.6235728278
1267.3321378503
1182.0068671397
1351.1490776731
1445.8197831547
1287.8586049637
1478.5997569917
1213.1882032312
1292.1661610548
1168.5702525299
1250.7882812297
1394.2077540979
1235.1026350151
1476.1439235166
1193.5540616099
1284.9181601675
1340.6888147693
1107.8859029739
1320.8646907653
1311.2392726454
1203.4709592876
1275.9593912562
1322.1923565369
1214.535689131
1199.9833768826
1395.8834586421
1284.9836938208
1150.5164325441
1234.5586511525
1330.1339805202
1072.3550332895
1307.1777870099
1266.5449097282
1375.4647775649
1311.0443867255
1198.7341774775
1302.1424225965
1348.5738898249
1395.4617111128
1411.5637793887
1336.5380376414
1241.7957690168
1343.8806679695
1119.8778779637
1190.7980932354
1262.6129579312
1211.9616043061
1228.6733781827
1179.5857436095
1210.0903343909
1290.6622590075
1193.5686999865
1267.3462734877
1260.7960752232
1230.8243989196
1246.9376883589
1242.6080288087
1439.4781613092
1374.9143735264
1240.1107725012
1474.5982905449
1253.7546449797
1179.8763424929
1159.7882427465
1369.6223146808
1337.9293429673
1246.6232627005
1195.721100321
1425.0473177994
1426.9333472857
1406.7446648044
1209.0714147857
1282.697066961
1390.346082225
1282.6425860327
1175.3754760756
1303.07786686
1244.8072672614
1147.691936076
1091.8021793889
1218.5863297913
1198.9239798658
1242.8894027845
1196.320243647
1317.6886690088
1403.7172545602
1140.718553609
1283.6546186205
1187.6842694129
1354.4308634431
1271.2523679566
1553.4872662727
1181.5000421914
1233.9218377411
1221.2889061939
1091.5692336859
1244.182779292
1159.7122279353
1301.0635250416
1182.2681399436
1047.3774084583
1353.9591252034
1221.4629498031
1138.2405377045
1300.7323999724
1194.8061347836
1137.4985822985
1322.8168270018
1271.9773940749
1457.9598629329
1223.3586769248
1204.9903780551
1252.1214525619
1074.3252778278
1243.0925987306
1394.8449283132
1236.4241530801
1240.1841025938
1365.440603346
1261.4424993122
1409.2773486909
1292.0686203191
1335.7621204231
1406.1001707299
1293.1416411366
1258.5777623273
1213.6775417403
1218.0579160757
1184.0977991638
1223.434486165
1334.9595492923
1274.3105110706
1287.1310697328
1211.6862565055
1271.7061324249
1467.9516268418
1262.0873094118
1192.7116381834
1196.2092444686
1233.9072712564
