1239.4793068898
1274.4201269186
1256.3179882753
1344.5384943544
1392.1384188932
1238.1386853718
1249.396790769
1239.6830552694
1208.8670704982
1237.2247643817
1221.0981390992
1379.6523331538
1449.5141687515
1200.4061850251
1343.3580529453
1210.2668185723
1225.696505123
1176.5994526368
1570.9921177373
1375.7876194195
1266.3505713219
1264.2593937974
1405.3611330111
1322.0829942688
1317.256050982
1244.4885721603
1114.5728272808
1198.9454269329
1446.171691971
1384.457027349
1341.7341646643
1272.5537960506
1303.0631124319
1233.3604763556
1283.1387577425
1227.0431276603
1301.4910261777
1290.0424895278
1279.6780832724
1292.4101875492
1246.7557963005
1127.6144276577
1340.3235244351
1311.9717593439
1173.7941436775
1244.9880879891
1280.1812998697
1338.3446260772
1339.4626140699
1510.9129773161
1296.9974807714
1499.1332801397
1311.3095314803
1123.2523824337
1161.2340185171
1239.4833027143
1195.5060385441
1309.2398755811
1223.6289438416
1155.5202017936
1212.1603411962
1304.7674390357
1178.6240369836
1406.2210965583
1318.074780861
1367.9253578389
1214.5344343288
1328.701765152
1091.5773636828
1326.1020620466
1305.4752981984
1105.2822678461
1223.5214408806
1335.8894202226
1313.4006970997
1322.6957275965
1214.1000105406
1234.3908828779
1251.6557537483
1520.6206763295
1090.0487098969
1106.1516901249
1267.3896938848
1262.5635341583
1325.9310976176
1272.4783972861
1273.8240970348
1211.3481310607
1214.3404449755
1179.8907047805
1269.2664831358
1283.411900407
1301.3118857287
1157.4283822512
1337.9265445845
1244.4477360868
1145.7490249924
1405.914728308
1221.7875436106
1126.8521652134
1131.3485250589
1330.682475259
1195.6771674655
1275.7138802196
1348.0508418463
1459.6737666603
1321.9040079927
1383.1145027098
1318.1879529075
1284.2682040301
1175.1680631257
1307.8601729267
1288.8662340285
1233.1040462795
1221.7447420002
1275.4019420135
1096.5541791199
1260.7469094041
1140.5482318419
1371.4663696216
1289.5816920381
1118.3724687269
1323.8870074439
1249.8622159608
1304.5428392504
1281.0354834743
1078.9210408693
1006.7989994569
1195.7106763226
1326.4207632563
1366.8169483509
1313.0779163014
1300.153175378
1367.9949101379
1315.918419224
1295.9304633481
1266.1647106875
1385.9333633834
1220.1786925243
1127.5385115139
1163.0708459235
1375.5223896956
1325.0958926619
1370.1811389112
1298.0167742611
1186.2482628571
1334.8749832212
1269.1578521884
1340.907571715
1337.5270964429
1394.5465349513
1175.3572215695
1369.3442416986
1170.77412217
1262.6421356954
1202.8741377762
1275.0940716551
1126.1407305007
1400.8399162032
1329.7049260051
1290.7147624871
1370.9051389604
1182.5670255926
1214.2583223396
1165.4623439462
1249.1731479196
1229.8874727987
1175.762178275
1396.2172416875
1109.4095268745
1323.3822368486
1252.1737970147
1274.5733867038
1271.7039722721
1428.0240265054
1406.8166070319
1185.9187634285
1243.3888833203
1091.1952136214
1308.5952931879
1615.725176523
1297.0464801262
1439.2784152188
1340.488862909
1069.6737751649
1303.0969430686
1220.1757044239
1280.215804349
1301.1043972484
1103.7506945193
1201.2009635847
1275.7049445661
1209.0267157029
1099.3802921043
1262.1010697064
1341.1313433233
1229.0054197731
1112.4187657742
1302.6104210162
1170.4196528353
1149.2463775478
1317.4855775157
1278.2765590229
1146.7907591395
1215.747341442
1275.0477362215
1298.7077110152
1247.4855597791
1225.006257491
1300.9505268044
1145.9932339541
1251.7586581172
1312.1818772613
1037.922254204
1162.2218695589
1280.7913969283
1173.9237359903
1225.6178689766
1195.1964555884
1252.7517439362
1239.8643192676
1311.769119413
1202.0611319686
1254.0094917201
1200.0029803478
1466.1831979924
1243.2637052593
1384.3931957568
1340.9755648366
1125.6894226877
1250.4229050712
1323.0445333988
1323.5632717922
1251.0878055058
1272.2410271092
1222.8990379061
1126.4880430961
1244.6284229974
1423.7860907036
1388.1793160498
1123.2520807702
1164.8419957711
1331.9951112558
1344.0125477634
1183.2962190495
1201.8583066942
1380.2309131368
1491.875057826
1152.8534441252
1307.9878472552
1202.0451673702
1129.7655550864
1355.639691168
1278.6331112025
1349.7303405319
1152.2730535773
1430.302482254
1065.393798868
1439.8393007793
1322.9031434633
1179.1589579666
1330.4676852249
1094.9834986608
1432.8423876896
1296.1421566604
1016.5731908201
1140.1053784509
1059.338208233
1233.4992274388
1173.856110904
1275.035745781
1248.8921830161
1294.9437409819
1128.0481730535
1025.0815356948
1337.2948868291
1355.5815558608
1218.4287841378
1217.5922317067
1251.1185832053
1125.3197330073
1288.5614769874
1232.8464096951
1401.1020994836
1218.8969189435
1345.971392697
1326.0061982722
1256.4778568164
1174.9102554571
1053.3982376053
1253.3356218322
1274.6787936934
1088.2113498981
1253.0239206594
1259.2933509218
1284.7663441415
1185.6647886214
1367.6351329266
1317.7613612654
1235.6972628738
1402.4917772638
1337.6928536601
1220.5227071203
1164.9845184361
1285.4482405421
1194.5132286758
1281.3325325867
1298.861049698
1144.2595351056
1256.7519522538
1308.7742141814
1260.1323741595
1122.5804679578
1269.2329788019
1352.2692942077
1124.0847015818
1222.677224149
1181.5862243442
1252.8699801293
1421.4113295117
1200.7984473225
1385.7404355986
1355.4914047644
1283.4788009103
1190.3032043061
1276.0850748197
1378.3646901795
1224.2590761642
1109.7608928099
1071.563265304
1214.0304870084
1085.9035704879
1464.7676558812
1222.4741595583
1252.050031535
1247.0314320496
1234.8461099765
1308.4998730238
1326.3485553282
1308.3574410416
1400.1478695799
1239.9111609447
1229.9959891385
1125.039317148
1335.703745177
1071.4059913536
1180.578745331
1153.4542494198
1327.0217838496
1310.9192041648
1215.7005902577
1310.0820161291
1168.1915694263
1280.2545053126
1245.6358309659
1279.3830715292
1215.3774369645
1364.4044712062
1129.0406726747
1188.0607335065
1278.3211583823
1315.0835121717
1236.580518859
1088.9247361365
1179.3647272005
1327.5015999303
1329.2560819869
1151.9397001635
1106.7838212033
1297.2966022316
1396.8596574478
1110.1099547949
1277.0470998379
1072.4346430661
1136.9244303671
1193.021074245
1365.4921698716
1481.7528403957
1113.1303094974
1199.3233617923
1369.0152799674
1326.8079545715
1085.1507531084
1164.6414635712
1075.6017970388
1213.0697012949
1188.020869766
1326.9013785115
1255.1118502727
1182.2665992464
1320.0870618709
1293.1795618187
1344.459329745
1039.964127744
1225.9916038087
1115.2701385508
1324.4256553312
1250.7795384532
1100.7439970542
1352.2703763246
1167.7002367824
1239.4066608196
1371.6159763477
1358.1916481208
1219.3146310176
1141.3095092089
1536.6916842001
1209.8808295255
1346.3531626778
1392.2848640902
1314.1550721527
1207.2052867606
1373.0942051549
1261.3366512636
1094.3924183705
1288.6382771606
1146.9524341757
1242.1154337726
1252.3664408772
1216.8911043938
1234.3046324364
1318.624452534
1303.1176074968
1048.4181322645
1109.3332713882
1200.2456048949
1104.1168244801
1271.3483381338
1169.1948760861
1217.9704402527
1252.278722635
1374.9224286806
1418.4255139204
1238.7038324377
1305.7612179388
1087.819426166
1277.5864303015
1385.5895687052
1279.2176838703
1095.0117468511
1347.5595505364
1224.8739361141
1505.4471332582
1350.4408470202
1399.7742153574
1194.2757559552
1298.9252346434
1269.3976094641
1175.2501066933
1317.9056150222
1290.7729708405
1167.4742370746
1205.1537224275
1215.4873471427
1425.1143358411
1277.7726157085
1193.9602908099
1448.3073994487
1414.5785080735
1404.1416410517
1326.7974339926
1388.3644427625
1312.0664858111
1154.3609430071
1332.4304507924
1347.1247685158
1188.0247848412
1206.016265986
1298.0019268831
1332.8199859374
1071.9893294559
1158.953416723
1164.5196705798
1302.4123718247
1316.5965564502
1430.6919552146
1256.5174471669
1250.6893036579
1276.6636264718
1290.8317936091
1342.9995142051
1113.3737225313
1504.2188669239
1260.9657179089
1226.2167195258
1237.4561804518
1431.5455697458
1221.3833558448
1283.4687990868
1369.9006706955
1227.7339957465
1285.9154964039
1392.4710396125
1261.8525359845
1235.2735962792
1293.3154856712
1305.4140987852
1084.7397368316
1180.6517947291
1129.9578285197
1399.0890014734
1298.1531919595
1072.3611385644
1226.1353700134
1289.990306825
1158.7807254941
1197.6885543342
1287.4473812237
1417.580186321
1068.0308474151
1364.7974093839
1377.923588862
1258.8481612749
1327.1293556327
1231.7061595662
1146.7116031575
1305.6689034192
1219.5684914791
1039.972340408
1284.7112528924
1341.0207388589
1231.5563212815
1113.0276635073
1198.6491188809
1177.0385708254
1331.8699948592
1356.8727477094
1261.1656485235
1192.0715253782
1285.3666559722
1235.4536697921
1232.3236846859
1162.2145998473
1347.0463761083
1139.5503122386
1382.5401195657
1211.7553288934
1167.4320182367
1267.9873121044
1225.5701948966
1330.2765688893
1441.1111821196
1308.8349215676
1198.4749836965
1289.5469253701
1266.6654246108
1216.1791334834
1142.4784583695
1199.5223274375
1530.7288913727
1225.6528458084
1099.9418404326
1354.0555862372
1377.8096746883
1345.2653854621
1310.5336355226
1153.6847672608
1255.500689547
1207.4118978635
1343.9540515854
1162.6958905614
1425.8727306848
1323.7838478977
1103.591098817
1407.6684930089
1126.602022941
1278.8711011789
1139.5262152231
1102.6588329185
1212.1614300905
1177.4821560731
1244.317948583
1324.7491135842
1217.5962817205
1190.3928277213
1170.0094475908
1171.0229041754
1179.0410992532
1203.566672649
1269.8044437149
1254.4321580426
1301.4199687241
1183.7819520541
1261.8480803608
1178.2883805354
1298.838478241
1181.3088250289
1483.5325545265
1344.580049267
1224.7515542746
1266.6476328059
1283.9834556584
1163.7460518986
1288.9336912501
1270.0958152827
1337.3906637421
1212.1261980884
1226.5813860345
1182.3387772481
1269.7704911945
1161.8684357623
1246.3363746449
1009.8222253473
1295.9367148781
1269.812736729
1225.4211247639
1163.404344305
1215.6356113293
1300.9113560924
1275.7901422058
1153.5719452393
1316.3371188465
1090.7719910055
1262.2794907878
1287.7901385977
1129.7409377249
1342.9124123931
1108.8628399209
1174.416099156
1293.8574953992
1297.0414669032
1243.416921734
1259.6653599348
1237.2352820005
1280.6536864861
