1448.2277845947
1342.3996682505
1333.8356961961
1371.5401307903
1331.7812951214
1309.9985267052
1297.7036444782
1292.1559050707
1129.8854635376
1256.3091266577
1119.3134107086
1291.092361484
1132.2063199066
1404.9513211092
1373.8762010029
1119.6262966501
1250.1602014969
1038.709160591
1361.0938913119
1348.9979438194
1151.1692912224
1264.1053360526
1054.4968011672
1307.8698421907
1240.292939094
1340.1390465995
1180.046295077
1294.5209808686
1281.2817726653
1280.3041679463
1108.4634687108
1389.5054030125
1212.6285948679
1320.9778379865
1255.8243371751
1162.0645789771
1100.636620926
1181.477255984
1450.4016504716
1257.8670870016
1188.1249294967
1181.4920236377
1176.623401414
1310.2235872689
1313.6077225337
1326.4688346595
1152.058664875
1371.8699613402
1288.6445488615
1163.159347905
1300.8247675326
1206.8408377734
1320.0939910234
1260.2172080413
1219.4526774849
1282.1654176805
1282.2828408796
1326.8097179107
1174.3699261504
1306.7585668589
1191.9406530558
1257.3127105366
1113.3473974832
1284.6510364769
1187.3451080178
1253.6956731406
1213.1805495761
1049.7444416008
1400.9673460935
1211.5617738729
1249.9417387616
1105.8774295292
1396.7881957032
1182.0552499702
1190.0268662559
1162.670256455
1266.9078044676
1400.0567929443
1283.9764366361
1339.1048173266
1159.146445868
1337.8551698913
1179.1611226122
1143.4949143915
1290.562205528
1319.7544762093
1195.3979103623
1364.2032250104
1224.566532541
1479.4363834337
1229.2554001677
1334.0042595812
1167.617354858
1410.5441753372
1369.0687317037
1373.6130397756
1213.7213232244
1333.4252187421
1143.6532599744
1230.7305438808
1365.0153340175
1351.2467178308
1097.198364519
1117.3943767725
1341.3777758759
1343.4646707525
1208.0813379419
1139.2562429762
1329.0248513778
1431.2027523545
1311.7284488711
1319.3928971967
1073.8259776969
1225.830912048
1189.2773239735
1206.2955126223
1022.5729890248
1268.7512857388
1427.4313339815
1409.1464581327
1283.7664013128
1356.0341068117
1377.8510679733
1308.0377866137
1323.9725152728
1471.8197304964
1385.7776841306
1090.0147283675
1238.2916796829
1353.2477735533
1223.4299983995
1197.6723919461
1183.3482369739
1226.713147999
1334.7678788527
1152.7251192253
1135.2839918993
1308.096380193
1323.4582065073
1277.6156122679
1133.792624879
1341.7786108792
1123.4936449759
1359.112704843
1198.4442338559
1154.0499315862
1226.7437600405
1313.244771516
1389.0730535748
1172.5866905456
1323.2980425777
1340.5698242725
1233.4455345324
1323.8385116532
1270.3289583398
1028.7187509295
1348.3923838804
1291.7486240421
1264.1365993727
1203.2977445939
1326.7865529994
1362.6646041103
1385.8177619259
1171.3495799329
1198.0749822601
1363.2996708835
1305.7048804699
1265.7581349912
1152.7105962099
1449.0720368056
1342.4184115843
1299.0572222351
1297.5492690432
1284.4043076172
1328.1609118238
1261.6545918451
1160.1166610189
1299.3203912733
1177.3213596611
1187.335284272
1352.0852261888
1359.0560969059
1273.2307775196
1331.9778123436
1344.852479017
1291.3084298573
1358.5671596519
1387.1074698056
1326.4188781189
1362.4316214626
1446.5860578791
1243.7764784691
1352.5081694018
1171.1861192177
1436.7208271764
1358.0577391506
1150.1930063527
1290.5642448463
1104.0829410781
1210.9487269994
1077.048547079
1455.6096484853
1239.0663396128
1233.571726654
1253.6580513391
1304.9485074904
1049.3519947569
1329.754606409
1341.5782806023
1222.6793309195
1300.1912395664
1218.8312387929
1025.3645456237
1318.3615691345
1185.8592702047
1186.339308405
1167.3751301068
1332.9617768636
1485.3128520253
1353.8717419628
1262.09070507
1323.7509774766
1273.6905018801
1256.4457232892
1168.4092176241
1218.4531186635
1278.229335578
1228.5042617081
1317.3563408118
1272.7847674317
1366.8018228415
1355.956112302
1138.4331625507
1288.9765691943
1279.3580375644
1162.9586455203
1341.1143300017
1218.5940044936
1255.1917179252
1315.0365571691
1074.2499738931
1288.7989885373
1316.965564324
1203.3966992795
1133.8193004963
1315.5395383561
1134.79598554
1314.0328141717
1177.7662676697
1303.7296300043
1077.9501277521
1237.1320099836
1245.5920821788
1290.8046752252
1227.6968455194
1309.8948568817
1236.3570841948
1267.8794340161
1151.3752807456
1320.640111405
1363.820797872
1443.1012501843
1250.4636007161
1316.2244559664
1449.8206759475
1307.5749313351
1248.4715125495
1357.4945212398
1136.639894612
1123.7802497169
1182.2177365241
1085.0578321459
1098.001533562
1359.4693734243
1043.9756167018
1159.7804547883
1328.2528555142
1113.5536220159
1203.9855683066
1198.8834812179
1227.3885326145
1171.7652827557
1348.9864345311
1218.0645081976
1270.36413777
1193.6533167735
1312.515103202
1238.7792844186
1149.124289621
1291.9156231916
1159.8142427213
1280.6086227102
1188.4089421056
1089.9473013465
1215.6405758036
1324.8561266873
1118.2228561151
1402.8824018936
1394.8726407778
1331.7631460413
1280.7077341807
1455.3470216379
1313.0485350797
1227.0469866506
1209.7412840283
1206.1560148358
1213.4198308495
1380.2390169456
1089.0242315698
1290.2138252988
1396.0667701362
1221.3071815679
1151.2496670834
1239.4461250616
1182.8265522501
1291.1013491951
1251.9831729431
1252.4227261769
1235.7917724977
1303.5478107808
1178.8116153916
1393.0712535171
1212.2979330213
1412.9472669496
1338.3514281674
1305.0304947122
1341.8878991955
1154.6731395904
1273.3713126841
1199.8815110154
1260.3398697603
1276.2279099708
1410.5771866244
1204.8198768807
1292.72343508
1035.6228010593
1311.0890857191
1276.7203833669
1302.8771650879
1325.3468020643
1377.5785990218
1188.714493209
1143.7899072178
1361.0351815772
1266.8457778381
1086.6368008405
1230.7555915046
1274.8555491597
1162.7588105507
1172.99540061
1411.6119032702
1231.2828062629
1393.4158656831
1168.45002002
1340.6404304878
1183.6798326823
1247.0689050839
1357.6787825718
1258.2535892328
1423.3721211272
1279.4038335736
1325.7922988786
1255.3226355541
1161.9696784494
1136.1065168837
1319.8136220626
1207.8347377391
1013.0400044957
1143.88806438
1411.0449036097
1229.3107680147
1285.9809400601
1381.0427337748
1257.4429495677
1290.1281290965
1342.8351740531
1423.6703167627
1126.6045575825
1229.4926443066
1262.0554869811
1266.9213537629
1358.2505159356
1208.5800145327
1319.3253346296
1413.208942448
1140.5294932242
1180.2636316873
1368.2132294718
1347.9438534402
1453.4937883938
1276.4142483469
1153.9653117984
1249.1208675287
1221.9557108652
1185.2904210175
1266.1281648064
1250.7998515395
1452.5091966586
1262.009047949
1319.037409867
1236.0306863958
1179.4356722281
1217.3269290097
1232.1088117287
1158.0524330403
1168.0634772861
1227.4731891558
1301.940241666
1327.1163640362
1251.487826462
1217.941812699
1326.6315405026
1234.6164227785
1276.198982931
1436.3481756609
1399.1972482328
1209.9007584689
1274.3601474961
1233.1745615933
1105.1575479315
1313.983502813
1184.0909376966
1227.1900194816
1384.2965837957
1206.5240521023
1327.3666106189
1337.538801133
1210.6693820515
1165.0845771385
1235.8255198027
1154.7036481653
1492.0338062169
1181.2020406641
1486.96294664
1362.9205778702
1017.2496936643
1251.3090536342
1268.0549656039
1183.2434037656
1200.9233609234
1198.332817286
1461.39118338
1504.473051489
1345.1380454883
1368.3922282039
1482.3555529549
1113.7538829358
1292.0818171191
1064.3023443294
1248.1159979712
1199.9788698734
1240.7897712267
1339.1571362943
1116.1840574478
1098.5065233074
1401.7157959895
1324.6915444462
1426.4640726505
1198.0255280853
1239.0879240166
1336.087196796
1318.737839236
1244.6022235304
1175.8736175116
1345.7487099277
1230.9183176008
1438.3273158057
1251.7270605486
1082.3090496501
1273.5488161342
1173.3501158999
1329.8681540976
1261.5206080661
1270.6409272224
1333.8304865342
1232.4852851557
1233.4577638222
1181.2181661405
1102.5257697925
1209.1909402285
1233.168942625
1239.2052476136
1323.3860191661
1142.399998967
1201.3204391315
1268.2218279925
1404.6791992038
1104.3194674816
1372.1074317071
1370.8914259356
1362.0678165714
1196.31802171
1462.5995555545
1156.8755546332
1163.8149107489
1142.8900141578
1331.1343161774
1257.4154672167
1352.9257880173
1257.1611341372
1503.2819201407
1357.3099328635
1269.4616730552
1202.9842202859
1153.4689632299
1222.4232190066
1179.299173579
1522.5032820926
1187.6895324676
1253.6255300222
1445.2072703422
1207.4606977511
1250.5936454072
1351.9936071154
1302.1930678809
1177.0536595757
1278.039090116
1313.3517619856
1139.5007274196
1276.1989816059
1423.2631084252
1264.9448444543
1298.1919230437
1193.039334321
1295.6842014211
1320.3429976088
1316.3625215008
1187.5731925196
1363.2330696064
1375.8365032336
1245.647625782
1299.5457328334
1254.050778174
1159.1341440101
1326.6926251383
1262.4061369969
1334.5788361668
1159.6786657188
1263.9558838845
1279.5847973168
1291.3625115373
1025.7140666547
1161.8573919397
1205.4769896915
1395.0641353498
1226.4210921977
1251.3008495462
1277.6165135817
1282.0070795278
1226.344488535
1126.2260103394
1267.5166742543
1254.8685967926
1276.2422887103
1379.6008178065
1176.8852674739
1223.0825401815
1270.4035712032
1186.0564903701
1223.1504364921
1293.6308996498
1215.5381145913
1361.4546266438
1323.2608762688
1331.3377944383
1222.1852780942
1294.7847621547
1297.0399878691
1146.1150202206
1391.8537375546
1239.7908941058
1333.4176157996
1091.7093149992
1131.7143584106
1202.9619154823
1508.6683428555
1267.0946652892
1454.8651971426
1106.4518746895
1430.6321002995
1321.8308742982
1167.8623432014
1284.7026142896
1305.8254098942
1245.4450853141
1266.929559316
1318.372323506
1432.4444925581
1235.3959415714
1205.6901225376
1353.9786304344
1339.379872801
1235.2185805997
1113.9744334091
1384.1482011506
1129.9768735331
1484.7882583663
1316.8873506851
1150.3779517478
1230.1353072315
1263.1327849026
1059.982705259
1281.6459944478
988.34153690783
1377.595219783
1391.6382896785
1390.2164691879
1369.2510424618
1333.5313710796
1199.8662073349
995.41738884869
1313.7171024254
1407.9179075914
1180.6217691266
1244.3652040252
1225.9318074359
1396.6444673785
1147.0097661943
1338.2150433875
1157.6950920768
1263.2616336274
1229.3954194875
1139.006466659
1310.2556280192
1213.4037021299
