1207.0154378989
1221.268630808
1320.5704996272
1276.038465286
1309.6700170824
1186.9926048945
1259.3775157166
1280.4948925891
1216.509702854
1345.8241165656
1063.7390196628
1253.7783127874
1237.0351567979
1159.9409255367
1271.0289859376
1171.8857718016
1212.5744146514
1206.3452232991
1256.1542848059
1106.9896715078
1203.9968609027
1228.0312302497
1382.9770508885
1206.1599301248
1192.8230771579
1304.3066126463
1324.1970877383
1165.5484803908
1173.3286092358
1247.5017439032
1199.3923857932
1211.0438096371
1401.4557801158
1257.8854279933
1396.8462661072
1171.0328448905
1192.5131601191
1283.6598372435
1181.7668712063
1233.3609999524
1186.0738123041
1280.0849195342
1137.3163916025
1401.4391834662
1239.3103819849
1243.4879169805
1406.4777391178
1185.1799653867
1341.6718847574
1312.4736232792
1590.7770390693
1273.268947514
1185.4879940787
1219.6802671248
1116.9552457893
1273.5419064629
1203.6913683063
1349.4428893081
1415.1606801096
1175.7234542853
1170.3858551759
1180.1762589092
1225.8174351678
1300.4427407905
1245.4632185312
1259.6873769457
1317.8334204134
1138.5691796133
1237.5463186713
1398.421134798
1235.2456576761
1279.2647565448
1243.8072802173
1274.6387494576
1173.7279224716
1314.7776244314
1279.3027148442
1369.4045599713
1213.6396109408
1427.0969168802
1239.53020064
1310.0877750322
1355.0823648699
1390.4679581065
1425.1692180655
1174.6794472946
1341.7050774666
1233.6774080599
1467.7229199918
1306.6820751953
1368.8657767645
1259.5116062346
1275.9059793817
1358.0760450281
1172.9992276457
1116.4768358724
1197.5017667454
1309.3547674218
1385.4493590242
1344.8397514326
1203.0367216295
1127.2642270007
1116.5755757304
1346.5088893069
1422.1058747719
1195.1075451828
1430.8900239191
1186.5365496185
1281.2907731221
1299.0748516057
1210.8720545248
1236.9013770988
1113.0310510141
1239.1999994009
1217.9711327373
1208.8492461025
1217.7583439307
1325.0626674991
1130.0656978615
1203.5431886259
1183.5346301302
1169.000284187
1327.26837184
1257.2974557644
1405.7706051445
1353.000765961
1283.3523846435
1309.8185817003
1326.3051000508
1153.8938897323
1148.5294793802
1114.3243865584
1174.9070341804
1147.6698654635
1145.3104248321
1163.1130506056
1267.5412821027
1424.0613483609
1256.9957584845
1138.643092014
1350.3333410927
1222.3638597007
1290.3099976351
1276.3172688903
1161.7213740226
1256.1932737103
1191.9000959409
1168.6656367856
1081.8619036234
1137.0282688873
1209.0292873521
1252.1049549018
1294.7657276607
1240.7429535543
1277.9665274057
1348.3291147093
1338.7849264174
1109.7233504062
1326.4888894192
1312.2998743858
1150.0053567725
1208.5200895859
1285.0661572526
1217.917409167
1319.9758021117
1469.8843175721
1245.4879719328
1300.4965323812
1149.1152824719
1220.6204374258
1179.1088683884
1186.6755363443
1482.9083239676
1208.0104801696
1467.4071226804
1392.2039063116
1095.0336020494
1274.2593901138
1188.5554755731
1194.0831093088
1204.7277876677
1152.5365686505
1427.2642714164
1125.4738375758
1213.9433979947
1164.7722520534
1151.927578483
1361.1297024535
1147.1007309313
1390.1341826452
1221.2470285814
1218.9478431458
1155.4001578471
1385.6595166814
1298.6290149832
1149.3483990595
1238.2951742076
1268.0048019553
1413.6678712472
1200.7604918984
1248.759503504
1088.431895358
1417.1385278643
1256.7863804779
1305.9887195008
1112.3003907862
1219.4104894858
1444.2979650068
1260.9695735045
1199.8291080151
1248.6059820057
1318.8560453856
1515.0820039386
1238.5254224963
1246.1608676883
1279.8794387217
1252.8519752928
1387.1605053269
1156.7258084994
1283.7264455311
1253.6203277912
1253.8191293013
1262.499024132
1173.6688271134
1360.9667550749
1008.4621065377
1341.1667046285
1213.3503500723
1333.1410289101
1483.8563826522
1250.0693474322
1093.0796245974
1178.697928333
1193.7418548072
1419.0178005929
1091.963852164
1171.8989850991
1245.2220726623
1266.0227055388
1446.8885917739
1306.1386093331
1290.2078354102
1138.7777932399
1367.4371672323
1313.9603150228
1311.4119537782
1258.3815607565
1198.5619502036
1141.7987910465
1226.158025237
1293.6278214356
1082.6485486043
1039.3122066315
1336.7329028672
1395.0818892373
1409.9122451062
1273.6857018023
1440.0949634383
1234.0243774477
1159.2043921322
1456.46239795
1186.3107093381
1137.8080396258
1358.9735507974
1141.3435644806
1339.4488537547
1345.2612122604
1249.7835423633
1472.2950877072
1194.9263766846
1086.2292806837
1102.1713835358
1198.5795287141
1370.2972946965
1261.444035909
1246.3563380133
1297.4596013398
1297.1114829542
1329.4711010817
1277.7111349263
1337.4148421002
1165.8404076576
1386.7849927354
1327.5530137555
1307.685510616
1253.9190314978
1269.6505451254
1175.6698593258
1284.4452013008
1346.9492143233
1344.8580093871
1133.837664748
1256.8192990438
1184.436688591
1075.8426802208
1118.7993914914
1022.8085442488
1179.8520056599
1180.6287432222
1323.8368221743
1295.3032676578
1264.0595413878
1118.1026517004
1328.8906425839
1170.248350803
1257.3100862571
1368.0333409394
1311.4583353618
1146.3720164975
1212.1885111068
1310.3490240731
1213.6516846644
1180.3126902984
1258.396013452
1175.0613517638
1198.4583502585
1198.6857679944
1399.0378964806
1182.3623768498
1463.3568229827
1330.0374511864
1391.5989676622
1145.822488379
1274.688825004
1276.630186272
1250.3796267485
1352.7564589907
1189.0889153723
1375.8812608782
1250.4171166091
1025.5810079538
1180.0986139465
1212.8850240285
1312.3528941373
1276.3300122249
1287.907100343
1218.4242235853
1231.8064014348
1099.1895504629
1243.5636381871
1114.2144534136
1103.2583910558
1312.7165867077
1282.688706641
1248.6017217221
1376.5126399886
1041.8154713264
1303.4852551622
1232.971219768
1242.849414508
1253.0429493483
1271.5008913263
1275.9040552907
1330.5715589608
1275.8187116572
1269.9515221474
1227.0212115103
1072.3315855375
1036.9454579425
1204.893579429
1192.7164786965
1283.0735772258
1199.348538709
1313.710491296
1142.2049603889
1219.3121956588
1311.4493576371
1260.3787222777
1327.9245405918
1338.6071785286
1223.9464045657
1298.5588521557
1259.6097983359
1217.3667373287
1207.8708796852
1423.3030890979
1179.5633833021
987.84343642566
1391.4004134217
1159.6219935092
1237.2096656889
1052.2690205923
1186.9105853784
1116.9045474182
1285.9032658033
1276.0013071348
1331.277255281
1287.8441114649
1262.1632140695
1181.3143893931
1214.1975684074
1263.1637829483
1330.295988236
1195.2613332347
1143.6912316969
1290.2955250112
1198.5200777641
1263.991360483
1449.6223539181
1298.8300613344
1055.5407838809
1187.0605829158
1086.8005348607
1283.2240419022
1329.3144203118
1162.5607047153
1160.1925226134
1242.3565384641
1348.8580345151
1128.733820125
1110.5789005703
1161.2299144971
1202.1307893109
1354.0927816344
1158.3420516924
1261.9183679785
1323.4945817234
1256.6872839405
1323.006415617
1363.4828022734
1137.801941565
1186.2291860097
1280.1780003903
1308.7063827699
1292.2470679149
1364.2913660201
1228.9952599243
1207.2140320041
1344.4259107914
1170.7276758301
1280.0798927291
1353.9734041396
1406.9279373592
1380.4862957207
1207.4320833121
1341.5552335927
1235.1533719477
1262.5483968034
1132.6429625818
1193.1615688434
1297.4361005191
1284.7389657861
1162.5775709591
1233.8846350903
1389.1389993767
1121.7026588292
1324.6582701628
1226.4115788971
1311.918946566
1092.0750540064
1408.2456005731
1288.5853535642
1137.8033867902
1350.970935595
1230.9344856342
1378.1696835196
1350.7670006689
1187.1031342548
1309.9552908962
1243.2432405929
1168.7935982916
1259.8787909108
1141.4834625809
1427.2212463573
1393.0990568085
1456.3075062231
1277.5140066847
1229.648571082
1289.9750476806
1260.9850454597
1389.4024057627
1280.2228916437
1327.4609020234
1442.9828544967
1193.9079041301
1321.3560013747
1449.2704215142
1383.6288248581
1335.5573702988
1450.8144664745
1285.4662036003
1287.8357242707
1285.7151648163
1211.4589047701
1405.8344152529
1346.4914607557
1364.761547594
1173.318661843
1350.9905301178
1120.8616480634
1272.0727966329
1355.5157490642
1374.2959029699
1191.5564872436
1132.4136560442
1390.601950484
1313.8817030036
1397.2994368306
1236.164215078
1191.0224294275
1212.6339649921
1259.9005517159
1204.912569227
1382.4170769492
1286.4712998271
1207.9747735347
1411.6896688071
1225.5921871619
1340.4240409044
1094.7759873735
1250.1183847767
1353.8430401179
1132.5523712449
1118.9684591491
1290.8614004543
1167.6797549229
1352.3707359304
1342.5068631821
1227.1179303681
1286.457864057
1096.1646854384
1086.7098540119
1126.9103592567
1328.7463821782
1350.1040348652
1220.5021596986
1250.7443926464
1382.7889691168
1055.9311625955
1109.3723845481
1200.111672036
1246.661340159
1264.9259735041
1215.0259856777
1411.2684429699
1364.9544067375
1294.0399764025
1184.1990906594
1329.8439950553
1352.9659334235
1313.1569453865
1236.8422251179
1197.0997603533
1229.3435760702
1151.3054166411
1077.5789391451
1185.4204832308
1248.0385539125
1316.3419297225
1194.5014198219
1235.7162489345
1293.6691228622
1286.3999164364
1180.4019506186
1181.846547842
1280.4396887874
1112.0896765499
1267.9229984911
1122.6801076339
1357.130461135
1148.7907632127
1259.7815980158
1299.5925664889
1158.3571043741
1262.2561873396
1135.0437391574
1181.5965303173
1290.2168045892
1243.6521377901
1355.5318778499
1121.9016279683
1258.1720502508
1428.3731902816
1104.8229018627
1327.2131628159
1371.5649946347
1211.0450108225
1249.9346263094
1198.0808081067
1210.6706171993
1303.7437366872
1154.7780385652
1244.3514965358
1147.6679623454
1380.2629034934
1396.6898522936
1280.8570882897
1392.1700461504
1297.0764202476
1317.1121543783
1159.8770884144
1263.7679850774
1214.2150691606
1350.4161204588
1218.2486770738
1233.468716463
1277.9774773468
1369.9164842932
1272.2379356983
1402.3020856843
1252.7665472767
1231.8488401301
1351.8292403047
1216.1048656821
1438.2461299959
1315.2786749913
1099.9269533229
1139.5387263525
1396.3949535468
1292.0815764407
1150.1096308017
1261.6797872008
1236.3497056222
1247.5483760887
1311.8618853848
1237.0853564889
1165.2944433246
1103.5311191198
1192.5816073841
1389.6173180453
1271.4044281268
1186.1679550363
1179.5298799346
1278.9181284664
1213.7556452471
