1339.2759958758
1334.0631578568
1363.823493766
1343.1354830112
1289.1162394173
1176.8972940821
1252.3863108119
1221.0672419996
1321.6989325007
1276.9356994844
1203.4095088732
1130.184033536
1248.9673614031
1246.1615868664
1247.1456524877
1232.9951874222
1316.8874961862
1043.7975608756
1224.1283776994
1251.4891721358
1198.0258363133
1265.6232773326
1281.6033538695
1146.7073664975
1337.4269789464
1370.843530863
1316.0949237142
1272.8475995356
1100.532399007
1347.0817269722
1261.4041525656
1229.530163677
1085.1139672807
1362.358176509
1403.598797056
1341.8418561006
1272.173945208
1323.905757368
1393.8191540295
1191.5906200782
1150.6415094086
1269.2589926364
1308.6249320179
1214.7626860083
1191.5666744477
1217.1064630551
1110.5220491257
1173.3421549288
1118.7871157621
1341.9689304409
1141.7271788306
1222.0707825171
1113.98821072
1064.316935598
1464.5253030783
1581.0747040229
1150.4419579956
1222.7897707748
1242.0030067298
1234.6046194771
1268.7126070684
1293.4566073152
1178.9215932199
1034.0735209587
1181.0145648872
1225.2144024555
1477.6570476673
1236.8926284971
1220.9370526577
1285.499152504
1238.920825634
1202.9750860146
1231.0015907712
1316.8257532552
1192.1181912222
1310.9139633561
1241.2401560286
1146.1084487632
1302.4906130524
1150.5563225595
1189.1030568051
1173.074359027
1327.1297890532
1183.517273355
1146.1466135837
1240.0840126102
1416.3996885003
1211.1875007157
1304.8372063842
1220.4005549357
1371.1197411063
1314.5362485077
1189.3341414517
1167.597134848
1181.439297979
1135.3889026295
1426.9212210775
1321.964209487
1100.2523895551
1192.3333977317
1234.4333858277
1318.0971381275
1263.1290431905
1247.1867998236
1303.5111761637
1325.5429687452
1308.2824927709
1217.3222308523
1184.0971040847
1087.8776641682
1201.8511361824
1337.902559619
1172.8243046453
1190.8009435618
1178.6333027869
1386.8117038991
1380.4519071515
1305.8528764464
1374.9378002663
1288.0648541495
1026.4159691812
1161.6924048048
1176.8290812884
1297.3439548898
1421.0867855015
1263.0453510365
1333.4760644201
1366.5560786741
1180.6999167909
1260.8530819208
1102.6599696514
1308.8089145149
1297.5419536917
1366.4107774331
1320.2330868785
1247.5644070564
1217.3647644069
1326.1915620544
1146.6097001181
1213.9960321215
1212.2886871444
1153.1000483753
1077.9268803195
1264.5661137783
1367.5349921461
1188.2295858739
1120.8693387296
1104.4101921655
1202.1344430108
1212.4066972447
1097.9004268827
1280.2072910643
1293.2525278362
1405.4837212804
1385.3070856135
1304.0312612155
1263.8130009716
1154.1362805213
1363.2833538244
1191.3253231002
1254.561938362
1197.0050689629
1253.946306767
1263.1847456193
1403.6109986351
1234.933190329
1330.1849182974
1141.3653539487
1127.7932240969
1119.7866705228
1132.4099723754
1034.2357382271
1494.5754537002
1203.7054621519
1181.1637091707
1143.6649452321
1367.8887955092
1102.003686598
1296.647763485
1275.5874813877
1320.6840511332
1198.0230351649
1171.8821481326
1295.1489289991
1479.747018411
1443.05246944
1215.6173359644
1136.222202911
1281.2969716965
1201.0137377826
1200.3454367578
1283.9064155895
1184.6530013498
1239.9661800771
1238.4938313867
1257.4764878387
1320.7330120644
1364.4118806011
1232.8856047979
1268.440689955
1373.0792867299
1282.9618881252
1308.8071978817
1330.2556617968
1311.8516922879
1333.5824643348
1352.9194375407
1209.7424059319
1004.9216046101
1320.8863431768
1175.6873773143
1309.6462514952
1451.8909796286
1224.743407977
1150.9321002133
1348.4078057211
1165.6608614285
1290.2078287889
1433.3549640093
1253.1866567542
1126.0243601287
1117.6968723985
1267.8767384463
1396.549331658
1263.2793693275
1342.4338956974
1260.6371755414
1404.9914267906
1213.6816614417
1401.3108470093
1380.3452018552
1192.8774298782
1277.9449467004
1109.356811785
1352.9684699298
1219.7650310038
1578.2823645918
1352.8093747013
1278.197488755
1329.1340510964
1190.5065631512
1166.9494699045
1290.1452533931
1228.3533353342
1332.0679786889
1412.0103163388
1434.791705966
1297.5743899398
1131.6686220274
1483.7543061977
1212.1372899837
1308.5513861354
1292.4740805288
1324.1173849475
1117.0207603145
1319.0873465611
1234.9713956316
1433.0930300302
1054.4397344929
1135.523705048
1277.4733194568
1147.3173671168
1145.5890512987
1195.5611743911
1340.8390876287
1168.2512154936
1260.4759273891
1306.7184600615
1170.4635073533
1331.0734977456
1308.8899661157
1157.1104280907
1101.2880034049
1204.2773258013
1120.13876458
1086.6089784469
1196.6932660225
1138.3229800474
1212.61692313
1262.2565400107
1028.1294196173
1125.0439867629
1216.4197268973
1241.536617646
1308.0505249403
1331.3291433848
1334.1091940675
1183.6762114629
1313.4125317703
1225.5866703169
1245.375491326
1468.3805560401
1381.4162198168
1188.346226348
1153.8391603196
1338.8652396025
1256.462187407
1341.8721265449
1282.0651229427
1378.7072356815
1229.4056580431
1209.1499727503
1551.6900831289
1216.5375032162
1240.5310396996
1269.9612354491
1190.2051420447
1145.0453547793
1272.4085581323
1320.7892683477
1249.3434256997
1251.2747497077
1312.2290331113
1301.432717662
1263.7660205061
1163.8782405053
1223.7897708975
1183.5864068438
1209.1547111967
1238.4119497136
1173.2136961037
1236.264080132
1161.8977409513
1361.2539567133
1404.9085201759
1282.0198159288
1253.9522968496
1432.3991452044
1165.833217256
1271.8631024753
1202.8276338083
1198.9696760372
1360.0396680043
1391.1899265197
1189.2647293714
1201.2602905488
1299.0044509227
1226.7392965167
1188.2595269663
1226.9595096813
1472.1035625503
1402.7198693565
1154.0432223299
1277.4429663426
1097.6011313674
1379.7127418247
1308.9296042851
1384.0298449766
1276.5096210701
1160.7320067164
1300.6070314188
1284.779799955
1186.9826676767
1394.9534029345
1339.8012118084
1362.9956943752
1215.9174076097
1236.187001749
1211.3863745832
1278.7084213602
1345.4878658555
1286.4910829413
1093.5640415023
1291.8613598341
1138.2292417942
1315.4034597141
1071.7397205848
1164.4096237347
1215.3187026897
1184.0285052229
1120.4733375448
1379.2849791836
1245.2685812595
1402.3043735917
1299.0728532365
1299.8493023509
1025.6136337324
1356.7815478208
1301.8966721208
1182.4692182826
1319.6701222801
1286.0482247247
1273.5364333778
1358.9583093907
1009.8057344889
1203.4977628541
1250.6988865743
1092.7963472014
1306.5180085456
1303.5885612859
1265.514349918
1266.4590949717
1174.7612172833
1317.0642351651
1242.490648515
1222.0705940895
1270.5369482671
1207.383486873
1258.4749229008
1214.6861656029
1307.3280632496
1235.9086931918
1205.2032675796
1252.0277646249
1245.0046215208
1215.9539896552
1290.5341885312
1255.7624450622
1171.6034814684
1343.8216219555
1286.1656956415
1365.7023363215
1313.6148386591
1376.1404744297
1374.3158808628
1341.2813945183
1200.2884288239
1182.5918551735
1373.0030618243
1161.6415072271
1448.2034157785
1283.5032263081
1157.9996831632
1249.1794729592
1198.9044321363
1220.8101252152
1269.5776621409
1228.0012774789
1239.3615685486
1293.8150416317
1288.7529976248
1317.1659201014
1248.4157468431
972.61002941082
1448.8072538702
1188.5913384431
1246.846009493
1247.981020626
1172.3961503347
1044.9392324922
1339.2788821107
1120.6151997212
1214.2922647015
1304.3253283446
1340.6983079503
1186.5313544764
1377.8818949154
1154.7721364385
1340.0059234341
1354.4344044976
1126.0608363458
1216.6081420238
1327.8850193946
1063.5273418393
1469.0960339734
980.11528335686
1242.8694873224
1310.9592899845
1384.3645947587
1240.1188052659
1075.5832472781
1334.8258232635
1253.1059644866
1277.8327319568
1208.0967223644
1067.3093855316
1075.2234125143
1322.0463944009
1229.8003049675
1324.5357573272
1198.8103553349
1359.4331517124
1352.1556607789
1334.3752887887
1355.020137065
1215.7602118883
1150.9125179434
1498.7665407223
1534.6221150995
1404.5937646396
1464.5696453517
1357.6946889995
1301.9648052403
1363.6521754096
1153.8852883844
1201.3257590127
1180.5404419467
1155.4656082485
1209.6921190204
1233.3021786127
1221.8507156366
1351.1777573902
1333.9179500691
1267.0294727527
1228.6327020615
1257.4196828579
1290.0712240761
1183.6353301773
1262.564004256
1062.7077651113
1328.9530764421
1217.7084108051
1238.9445295823
1497.1796909358
1094.4864510273
1277.0695102294
1212.7281848201
1154.058014965
1261.6637309314
1301.6941402245
1340.3860589549
1397.1969662011
1251.8046466887
1372.4185916091
1277.7853674136
1137.9197700108
1337.3155418989
1257.0327226077
1123.0322604839
1270.9346996408
1334.4410905097
1300.9759534337
1212.5107513048
982.78021923523
1225.5606316246
1364.5548362969
1373.6915287682
1270.952498617
1372.287560255
1263.9074482019
1284.8298013207
1276.9253223729
1190.9519215698
1382.0049313593
1224.8214119645
1169.2596856912
1330.7499638792
1308.7657307798
1405.573900951
1323.3761412029
1291.036271189
1203.2596691146
1249.2212490051
1604.0709551112
1282.5413501447
1321.2596341871
1082.7377098245
1327.8626935842
1318.2611848624
1174.1575229127
1135.6600671283
1279.6264419634
1165.0131541631
1252.3562140856
1177.0703844997
1246.0356652651
1428.6705982516
1154.4842131504
1171.4783665742
1230.7179483849
1110.845177873
1225.7410746821
1068.8884024778
1185.0337437993
1152.9418987047
1302.0290219549
1363.0638981732
1062.6375891249
1446.0229991209
1266.5927609455
1516.2841574738
1123.0386271403
1082.0153561247
1290.5990594478
1091.1832556652
1392.486186946
1452.6534553817
1314.9822636648
1447.1360993536
1273.9985074908
1175.5045214675
1216.9581812047
1098.2653933931
1141.8679028339
1305.3005662837
1456.9575447753
1526.0618159905
1099.7018037446
1417.0168176349
1192.9234185594
1504.16715959
1230.6091353193
1281.1142600374
1446.3208722196
1178.2025564969
1278.0144317455
1252.6064053779
1158.234090633
1442.3346573761
1286.8620383517
1197.219498029
1187.723078634
1209.3843960134
1453.1099108062
1226.7172722555
1198.418719283
1283.2238866299
1129.6484381076
1472.1313839627
1343.0604358082
1273.1776182604
1271.1129029287
1125.0951068056
1211.2005702477
1277.3796537997
1203.9941179488
1378.139632605
1418.0121655
1350.6451393362
1367.9054967236
1316.8591611845
1396.1255634526
1131.974333824
1179.3037334222
1194.7195518339
