1156.1402060838
1224.3173945158
1299.9293305463
1293.0794038659
1268.6393030602
1223.9913748313
1264.7910562923
1502.1280436489
1153.592385081
1253.2732500687
1197.0734271962
1262.8990586611
1207.9743964686
1101.2913696166
1311.4240036963
1293.9767716096
1109.3920776105
1262.1858967666
1271.6860588004
1118.6393413485
1119.6210144122
1196.71776704
1110.1856343834
1214.0924965184
1211.6263142869
1318.5174228786
1469.903489208
1318.0941439162
1313.4326906995
1229.2950535063
1181.074115292
1231.6105609676
1208.3162713482
1368.8001894244
1262.6909419384
1202.2301427007
1181.165864004
1278.5000337435
1331.8641596657
1140.6895574169
1272.0699612441
1202.6740626887
1345.5957463628
1350.6705038265
1266.6501307517
1243.0943382137
1063.9820822304
1256.703528634
1278.0619598429
1508.6118876321
1281.0904973763
1242.1845268266
1219.5876525515
1221.7040580632
1148.4371269857
1361.8488758715
1134.9682558322
1406.858477555
1305.5111695511
1137.8776372417
1501.1536084609
1232.1605836889
1413.4024450606
1223.0387552848
1308.6015343473
1282.8920868246
1322.1927973142
1436.969082407
1080.0436883072
1284.4980680867
1348.627629244
1138.3254111215
1260.3012452357
1368.5473185149
1384.858091696
1434.6724195152
1246.1370484969
1241.1046380692
1290.1820871594
1332.0739510152
1185.1992386681
1227.8900254539
1227.6927824605
1431.0664205932
1194.5123193598
1148.240948519
1180.7799609839
1251.8549044011
1163.0376443509
1163.1581735904
1249.5405010924
1300.4169759311
1234.08590631
1183.0900060233
1356.5799752151
1208.5113604571
1329.7093661506
1421.1797993345
1213.3480440447
1274.3400591378
1165.8379230217
1115.6171244183
1273.5803321815
1272.5351101423
1402.6788556449
1228.2457929995
1378.6005323116
1251.4117398217
1286.1424264228
1168.0508268554
1232.2741031516
1176.4803042125
1301.4624397703
977.60185501891
1192.0734814623
1192.1807404242
1229.7950788446
1268.4603713627
1216.1155677882
1435.944151195
1265.8634678047
1136.2482124552
1370.6879192904
1181.6121601854
1322.8156313081
1301.1184341869
1092.2893502388
1338.8242864176
1353.2798071926
1310.1952544853
1088.6852695907
1349.5247635581
1154.3736818966
1305.6577453971
1234.5575461714
1336.2683048457
1351.3435804339
1209.7420914544
1246.1614563252
1093.7526598905
1079.5302612873
1279.4459139144
1261.1943619878
1276.5413528077
1387.5824285502
1331.3233847444
1148.597654549
1136.1443915687
1183.0830121868
1462.9719577326
1238.5357774452
1188.5647692442
1376.548817177
1249.7969700209
1227.1265625679
1122.6580478609
1380.0657316151
1248.968194028
1134.8523359023
1202.6711528122
1228.5766311164
1222.3769537815
1311.7470499097
1241.7762312872
1380.6850334884
1329.8484087002
1366.5140336755
1332.6146783777
1099.4753176815
1335.1749506909
1133.8855424401
1250.3393296692
1355.934645294
1232.5927550085
1123.0291941211
1323.7727553968
1216.5627885026
1192.8003573842
1404.1379700963
1239.1634712031
1194.0467986737
1232.1364767036
1186.6273776172
1471.7254978585
1197.7551017271
1355.8524864843
1035.2009356978
1339.6212388331
1270.1005261978
1207.8594505277
1114.1737249613
1308.7884707032
1114.8646043422
1336.3872413934
1342.8185748719
1347.3196429474
1222.041043935
1280.5258345983
1349.9202434584
1321.8212587604
1321.7064196163
1119.0717725707
1336.2311615075
1125.766747676
1242.8832110647
1349.614238001
1358.1912288594
1164.4043934175
1527.9495347064
1227.7034912299
1272.7334214962
1102.2120238452
1203.3105202713
1146.2079708212
1404.626187072
1205.0051037606
1138.111051365
1377.2304686565
1426.1836376666
1270.4425052826
1217.1263344398
1287.7239440411
1202.6970909982
1398.8278264809
1174.2820173548
1180.5007135604
1390.7164284763
1170.6802812042
1152.8469479119
1209.5221007448
1252.440942909
1200.3521288966
1202.3884703861
1160.9413531135
1280.1153981585
1034.7059868084
1198.9723309742
1179.7596913843
1225.271800941
1102.2716977331
1286.7526554224
1347.572915401
1071.7845831721
1294.9518396965
1290.9434189439
1065.5887618124
1275.3696427718
1272.2240208883
1207.0517344639
1295.8247780231
1369.5778323088
1225.8475539435
1351.6214645394
1388.7576079425
1307.4968198001
1192.8121289015
1306.0583747277
1246.5590293339
1364.5941999109
1325.3479509022
1224.2918900472
1286.2183781001
1184.6442142361
1075.2681836882
1360.4819943212
1228.4705771166
1382.4044837206
1368.4015089108
1128.3109305751
1459.7726362411
1311.3207412835
1570.9730092228
1090.4204738811
1196.3519123667
1244.7410506761
1195.0687017035
1337.8092803004
1231.5176106023
1257.4524660864
1288.8698635666
1157.5147277514
1282.7276414993
1193.3944556829
1267.9956087807
1112.009420075
1162.5615196854
1229.421786331
1172.8808358625
1250.9038216705
1183.6223478078
1279.2084753718
1268.3325202613
1148.6359165975
1281.5118923345
1206.1401494634
1317.9983894812
1252.9920611749
1213.2506401019
1346.5064597365
1240.7653710515
1505.925221726
1217.4905756918
1177.7536449458
1180.7809054286
1325.4074374093
1263.0608048255
1256.4138081035
1284.0155577297
1165.1897848845
1325.6463460824
1253.1328815145
1278.8020759183
1190.074181568
1279.1489210613
1198.4525719962
1485.7406265362
1265.7193191102
1216.0310423983
1300.1072083109
1358.5339221757
1281.2399411605
1262.8506558718
1062.1838974115
1324.3761931482
1174.8855849955
1123.3643755398
1346.8996832808
1230.1261020103
1415.4504318718
1427.2959202612
1136.7996100621
1288.8136669036
1208.005825925
1261.4367466835
1204.6949282917
1073.1744806602
1343.3226993116
1144.0274962224
1143.4506859492
1246.4954478137
1321.8309765399
1445.8029252003
1104.7539143173
1443.4293325117
1422.5701972283
1256.875481402
1254.0558278299
1213.8736786983
1134.1024430278
1173.8969276651
1207.8978908812
1256.7666662149
1326.6965557771
1263.7232833567
1344.4224120368
1177.2467032169
1049.8888341864
1305.1496224565
1183.3377968649
1251.9447999472
1369.9346650704
1107.628440505
1358.1057796687
1390.6553525456
1299.8838854007
1266.1784859963
1176.4400254384
1359.6193458566
1290.2241220872
1308.8499504522
1347.4492500124
1228.8902849534
1212.8823167954
1262.7701061563
1191.3019603572
1199.3631363304
1367.0062412548
1225.8249472528
1181.8723609057
1255.5667676716
1286.3061218016
1302.7390277099
1236.2507196577
1232.8309449026
1223.3249142759
1177.1859410161
1524.5154211413
1418.472006932
1274.8104266374
1373.5810464085
1295.9516919225
1158.4071756388
1215.2937626825
1316.6583141076
1431.740897557
1379.183378134
1323.5329209327
1301.3064207611
1235.0390083871
1259.9695874841
1314.3554859884
1221.4710740827
1351.6615993888
1241.8923863699
1169.6836859223
1293.1699398986
1343.1849163833
1314.2357679973
1255.1088402344
1046.9017977008
1489.1682597689
1203.7033210762
1330.0029238532
1092.0430810795
1170.9356530621
1172.2383865812
1162.1203257275
1167.9160336896
1150.4543799868
1253.5670665182
1253.2554419296
1254.2184966191
1280.8174526792
1099.9380057744
1232.992739012
1253.1605454741
1372.6395840088
1205.2690577054
1394.6316451475
1220.758708648
1115.5819783957
1103.4523567119
1196.3686503443
1365.3184720826
1411.92628387
1333.8670833272
1307.3012370061
1264.3334534211
1266.643768891
1230.7003444585
1221.0507650336
1126.1559393985
1204.3322307234
1154.235468148
1368.4904715727
1359.15289867
1396.5061878292
1172.5727941799
1205.3854949052
1365.2883909436
1283.2397141679
1387.4234981709
1324.0742341015
1137.201840342
1143.5758116433
1372.7885718157
1263.564098028
1299.2222523466
1201.0113824749
1287.8714715891
1264.5749001271
1277.9164694934
1325.2001526369
1223.5867554879
1314.9484354411
1200.7665080766
1191.1123732233
1350.6128326355
1065.0795277369
1138.1432317103
1248.7045902191
1384.922310258
1180.6188046841
1129.1601872462
1018.8642618437
1311.6223038354
1284.6773540386
1168.0134167399
1256.814835576
1200.5849764357
1402.8134940685
1281.2313027233
1303.6263515795
1163.4291011304
1398.6650943275
1236.7363812634
1274.8886396217
1236.9653469079
1224.2506253796
1183.7361712164
1324.0376802334
1224.9789437237
1272.7488393143
1325.9390326
1203.5953267919
1235.1766053484
1232.6388287248
1252.5399744492
1118.9280340534
1379.2977664951
1272.4133502739
1347.1252217135
1257.9342377011
1233.4876636584
1311.8956710371
1273.873979256
1331.3510596579
1337.2160404227
1157.5650021632
1317.7326069878
1231.0791147156
1263.4522730325
1308.9962861508
1218.7678412112
1236.5685176229
1224.9173882845
1244.2116699728
1346.0232970644
1206.7735771472
1173.9089823181
1169.5391774642
1164.4544320308
1236.4326814856
1299.3520199093
1172.6696875627
1199.1733979546
1226.4145973916
1308.1863472099
1309.602821521
1258.9402160116
1295.4015905338
1408.6005303674
1149.6455559309
1243.2894477885
1321.2956382667
1149.739034525
1324.6929011908
1189.4846709951
1107.9988405492
1435.5597795118
1192.7510634376
1242.5492885369
1136.5837520987
1264.9547700425
1248.7319396315
1336.7161365326
1217.4849791207
1156.6991900059
1325.4002308117
1210.8400085966
1179.6070491351
1224.7137890236
1092.3629927454
1165.8286597477
1577.8011589232
1286.2199266863
1171.7313466964
1236.6456205001
1243.0161394349
1337.4895033526
1389.6554733343
1292.7576395276
1131.5032020513
1357.6272948794
1246.7877832274
1388.9249233329
1179.3941500868
1258.179320123
1108.6996371769
1223.0157381945
1426.9353761255
1185.2904007466
1304.0025025286
1298.8595116703
1181.6970841497
1298.5454506659
1168.5007312898
1087.4786596448
1235.0644366755
1055.8273069587
1321.5342808173
1213.9535188314
1318.5795006589
1275.4147190718
1264.4253468384
1260.4728254695
1266.6949886575
1203.2263807731
1090.8815304248
1275.8792408539
1239.6652017215
1262.6522532262
1178.3115998494
1185.0215868132
1335.2227613753
1179.5095610301
1218.0167433032
1066.1696461921
1476.2933605665
1187.4628273385
1176.3886497228
1470.0734324834
1287.1925211853
1387.8545709827
1248.3430097797
1151.3738986242
1252.4158611309
1292.916374985
1274.5965918945
1257.3126279486
1273.317343159
1201.2106197667
1191.0502275827
1125.0866867708
1273.9867756834
1245.8004776782
1155.1136555562
1211.729863841
1310.7008463109
1422.2565875386
1293.4229845848
1253.0915076645
1270.5422684686
1237.100234924
1340.9385110011
