1241.5573396432
1307.7274893982
1230.5782515047
1315.7862795243
1254.5615298181
1187.4312367805
1244.0019389567
1271.0358977672
1314.8055034603
1189.897257815
1171.7276661331
1287.0652409056
1512.833000233
1288.94998843
1219.585834217
1279.6406750075
1055.1778491503
1237.5927287955
1144.9120081915
1180.4461149483
1315.7870863617
1298.5778811263
1297.2201797624
1276.9870860734
1310.2571909552
1117.7037126107
1179.0857117546
1326.2124950022
1399.7579610836
1188.0774262367
1349.197649909
1295.2396563099
1381.7194831432
1199.6038035103
1396.9500218428
1179.7443614386
1069.8965642522
1296.5077960834
1286.3533924203
1326.4581779364
1510.2439153535
1328.386606205
1220.6805474511
1253.582888553
1088.3624377022
1437.6851426211
1284.4154780718
1344.1495136183
1374.9649345969
1050.6439771646
1403.731282505
1189.9961344285
1311.4268558448
1245.2840028579
1193.7409780193
1186.4675893046
1302.7495068265
1254.1120426889
1264.2142969763
1246.3199893018
1116.7329592912
1262.8739741543
1322.2461047643
1392.0586906873
1167.1146932652
1463.5956102371
1274.5645618259
1434.4981617457
1315.2515366668
1161.6314531664
1171.0103805515
991.52462189393
1202.9196709361
1138.4949567793
1245.00566584
1124.7658652053
1320.0261271206
1214.9779565004
1324.7063277999
1113.3543168951
1213.191381775
1449.6326761108
1287.8785841012
1286.6801710328
1069.8548854282
1316.9625239379
1218.8600891004
1230.7912339416
1370.8722919027
1248.530632173
1243.4532486387
1311.5719664462
1042.5031835697
1236.4324584403
1187.6638143464
1322.9448761924
1335.2837014287
1365.0044735613
1232.1071707145
1217.646507757
1299.6152576968
1152.9899077146
1079.2399232389
1274.0412234679
1472.2291114215
1185.3311221812
1269.4549154427
1220.0358308812
1262.6353119247
1294.8083623823
1317.07290826
1365.3635594104
1260.7230079366
1217.6961614268
1279.1767562018
1189.0752621749
1226.5343158855
1059.0909544548
1260.4512327887
1172.9211220383
1145.8488044416
1264.4828171183
1339.9582323527
1374.2497809673
1427.0994858298
1263.8435614294
1223.9540294868
1266.7591600728
1133.9514152092
1262.2996263056
1241.1824615036
1316.9463620945
1279.5470478737
1329.7580391637
1183.0194035141
1317.1966756185
1143.8333440109
1326.0581962904
1255.5797175112
1206.2386758205
1186.316662304
1279.3229303078
1326.2270987217
1474.2893171265
1227.0247745371
1157.1431056784
1323.318224765
1221.5330043894
1370.9361011573
1248.4403401549
1193.5873411621
1175.9604950206
1327.7696842105
1324.1989815731
1322.2102920485
1189.6687829245
1368.7298495704
1371.1101488972
1278.2462626685
1400.1940512367
1145.8425879506
1162.6825688031
1242.9851941943
1265.5664557147
1226.3808176458
1166.9059663311
1234.0101873269
1228.6612669881
1099.638613053
1436.2155368841
1347.3321307526
1333.3753607858
1282.8241430568
1294.2529849244
1396.8381558727
1265.0638030289
1130.0827171637
1264.6662979507
1363.2157525974
1191.3845744139
1157.2958328707
1435.94994379
1313.2340729032
1322.6126972716
1244.4574882192
1180.3982977004
1292.563192375
1363.5505718868
1337.2588642264
1165.761661964
1334.0712092615
1172.5068915999
1270.4775458909
1185.6260372988
1333.1985957864
1220.119834865
1442.7891946419
1312.3208529235
1280.0156843277
1361.3526478412
1039.0890391937
1230.8634797643
1261.2005061317
1138.9562923055
1268.599949136
1273.7166472328
1435.7239089445
1238.1372390122
1182.6694303779
1176.616319052
1037.8072021291
1161.1006124104
1321.0457179979
1105.2042463866
1291.1558690166
1380.9374977211
1401.9291349079
1326.9946857982
1228.698909603
1180.3305283658
1185.9981178915
1276.6134883538
1193.4752553622
1176.1595326612
1485.7519712435
1261.6348191572
1195.341131133
1246.256471717
1238.2470517885
1298.554348067
1134.4708764877
1152.285251946
1156.5927536078
1054.7531685151
1286.2413398933
1467.973429036
1188.247491779
1178.0630457243
1173.6033191299
1191.219812632
1218.4924608478
1219.9398601896
1262.7823538006
1130.9263539147
1063.9576210345
1162.5334397339
1121.0159497377
1188.7892099166
1160.5518312718
1204.5048730618
1360.820471041
1326.1883986782
1047.1069409627
1209.3209042283
1134.1376121113
1231.723946638
1242.00531688
1317.9039597761
1126.3195258202
1015.5848954674
1334.4875156156
1326.5598993527
1176.015959115
1305.4539418368
1080.0396933383
1183.2253868068
1227.8116411079
1138.8794656938
1364.7083755596
1263.3193715841
1124.4582214221
1076.5466263945
1136.8005461146
1203.2335003327
1310.5002231726
1328.0809908374
1182.2775542291
1172.2062164095
1065.9757906904
1096.9599561889
1131.7991682609
1334.2482074106
1377.0568172201
1191.3432337255
1045.2349961791
1181.4735521631
1230.3905134823
1147.1173698824
1338.2079535653
1165.7717419115
1136.642311936
1135.48821789
1267.4803912621
1205.7663771597
1049.7904415484
1383.8960030092
1205.6117318782
1337.8450334698
1313.8846909953
1245.3387068449
1278.4657401242
1373.2984811063
1263.2507786221
1243.4583672956
1508.9660444028
1305.7921833783
1170.1909102454
1314.3081061537
1263.0306992835
1280.9881718967
1333.9373739467
1226.3692142052
1446.2674348704
1349.1889704946
1504.6918243035
1264.1102827247
1500.5806611834
1165.2286420446
1262.6096996583
1282.016695194
1179.5380933497
1310.403961368
1330.3718641447
1377.284030449
1299.2376641638
1167.7146843085
1338.6071031191
1351.2109801715
1145.0663596898
1125.4325169428
1215.80490228
1212.5746134311
1288.7389010978
1237.0367408629
1151.438369075
1360.1439742429
1193.6767924515
1308.9852413722
1046.3115121891
1261.7552667109
1128.9535625446
1270.7461248134
1351.3648245369
1151.5544934777
1288.0902071258
1137.5549522418
1335.3116238763
1348.1059208057
1292.805522862
1301.3324711665
1279.3072988267
1255.5126816262
1418.0638977458
1249.9636450186
1189.8099860759
1372.7583865305
1352.4094415296
1284.5469344128
1235.8479498153
1171.6206812031
1165.1467164871
1287.7073179713
1314.7319470544
1271.8049460574
1184.2771206757
1379.2700070635
1229.8544488281
1405.8891389261
1198.8977568628
1191.7759841394
1158.0960752293
1380.4975325677
1389.6305473276
1310.4083319942
1217.3646243174
1405.0136845257
1295.6844590364
1262.0784707466
1213.7958501516
1379.2941841226
1239.2192041256
1209.4536998128
1245.9592604934
1460.5504799853
1328.3385240476
1389.293599682
1318.5249592193
1440.8021028584
1163.6354326497
1092.2965191671
1187.3686790528
1153.4188974378
1150.5834063898
1231.438388246
1315.2953920485
1235.6738120547
1495.4661422578
1145.9729425135
1237.5535108538
1220.6660843741
1448.3921234168
1449.0640896685
1300.812659917
1130.1113170849
1236.9467002598
1259.9437037178
1184.7453962488
1381.5758107544
1150.1940022707
1241.929080817
1140.5563052258
1203.4139083788
1163.2228379589
1417.0126375405
1263.3333002408
1334.0729379383
1331.2639369126
1103.9438295728
1255.3256976344
1228.6142309514
1301.6269216078
1323.54225571
1284.4400393546
1350.802792927
1126.7449031599
1226.7743540222
1274.8648507852
1181.8997463043
1342.0456400892
1249.575770818
1118.3056426441
1181.9754864861
1300.088840305
1456.0139702393
1205.1024594199
1225.0270746246
1182.096245794
1061.243249597
1292.546533752
1324.2646899737
1165.1655163077
1263.2601734165
1340.4971872945
1354.5278941067
997.72249546375
1407.957705444
1278.7119582541
1241.1496442148
1280.7777336327
1231.2335749424
1216.4347635558
1114.8495781243
1247.9168164476
1304.5049822684
1310.6517631963
1226.2979064805
1246.0954098671
1352.6933380942
1350.0098663895
1245.1726261147
1356.1736369959
1204.7872775061
1371.3449484879
1147.8794400098
1393.8742842044
1230.0052413102
1281.8239784779
1199.6241251627
1290.0033566286
1286.6623948954
1171.5126893423
1205.0259616351
1298.2321154967
1262.7586304095
1384.9604630688
1110.0972507704
1302.4958262959
1328.3498308394
1258.8897963264
1340.1387492217
1135.6996148392
1191.7837846451
1241.245071161
1305.5025211189
1222.9901280435
1254.5773936413
1271.3983256891
1325.3930860195
1170.20037202
1306.9821593001
1249.6440749175
1266.9444962144
1267.6984087127
1040.6155804198
1320.9444192249
1199.591851006
1118.9569851043
1340.7670577305
1301.5356603193
1237.9401916217
1174.5647800247
1273.3519759717
1224.5707986294
1361.5575974514
1170.6214525891
1205.9688468228
1124.222052129
1476.2149376603
1276.0975294925
996.01533449868
1458.296964068
1210.9458072321
1381.990902973
1246.4668118236
1135.2536726504
1122.9214515378
1230.478599337
1179.7078984359
1366.3381821408
1312.1403745555
1295.0839910601
1169.7470476799
1127.4859835605
1102.5751521152
1085.7989215079
1340.0150121285
1364.5605363403
1392.1781510537
1344.951428199
1209.1299814716
1253.8326165284
1301.0376259235
1095.287604756
1223.1446215342
1151.2579063275
1106.9972663934
1248.0911468722
1272.8610535284
1072.8870235963
1201.4442944917
1335.3543891136
1316.0870966011
1238.8723900301
1320.2321268999
1265.7300140172
1204.2371078462
1320.965726116
1335.0464403057
1247.5248930319
1274.0619130777
1153.7671563171
1149.3880880419
1226.4302582833
1254.1784092963
1234.1885909477
1075.1538703988
1216.6322748311
1259.0565825491
1236.0315642209
1409.5861186519
1344.5721585777
1111.9508764141
1220.613817516
1230.2312796209
1170.1447750519
1379.1065824092
1098.8011751294
1257.1062700423
1190.5149836608
1080.8520163252
1311.0155742295
1357.0472059403
1275.2382717371
1314.5599847224
1292.8323311781
1488.598215678
1341.8437965474
1146.5578109594
1102.1914672731
1362.751087096
1256.5956510309
1232.6447548011
1231.5443666945
1416.7058580712
1288.3919037187
1511.7105436775
1170.4871495984
1378.3491696835
1272.5699526129
1266.7848083087
1325.7570271884
1381.2678235687
1230.120931804
1275.1084951835
1183.4402584065
1186.1919636962
1183.8364815595
1258.972017981
1404.9532201804
1314.6265732361
1327.1599670835
1258.8321144184
1265.8086800109
1196.635470159
1144.942548478
1241.9255251149
1270.973452201
1326.7876890842
1239.3553471447
1312.3424738467
1251.7962587986
1053.6011225073
1072.8087867923
1215.7856681162
1198.706442666
1450.4684264302
1160.3860795565
1230.5059266226
1093.105826768
1256.7078737893
1292.2358960986
1409.811057724
1106.4264875236
1128.4645541073
1355.4597919298
