1273.6691435774
1420.8723177148
1464.565796986
1293.6272258092
1134.2982510416
1005.8153837528
1138.594855773
1300.303974367
1208.6623147414
1168.3458286685
1274.5617623336
1287.083957304
1302.9929616625
1192.47570275
1254.8701567953
1160.5323564821
1139.2491191563
1326.4438214443
1179.0080665763
1224.8428201745
1085.7021340242
1109.8973219437
1144.8730721084
1324.0578677541
1286.9610190333
1276.1054651499
1143.356968575
1265.2595850751
1296.2479636823
1288.5818339517
1315.1965307506
1497.8608830776
1121.4256239388
1235.9143589299
1180.3394033645
1069.8036052298
1333.7469606526
1285.1678378613
1327.6214614534
1300.4060415224
1253.4459927951
1210.3966871333
1252.046162209
1178.4512732711
1384.8786606504
1306.8538785246
1135.8684980071
1149.1902388116
1192.048270275
1205.8117518032
1115.9794790132
1221.6661475887
1220.5991645084
1218.6618104331
1189.404539023
1329.0195747875
1333.726959996
1376.8228259999
1232.8838836681
1294.2915922716
1225.2222904535
1185.0052645084
1470.8397055059
1226.7779436391
1238.6733628907
1222.1408430389
1438.6687133413
1148.4949541063
1148.0899690999
1273.3601850673
1185.9983058814
1148.998597009
1247.2617169091
1242.7996468564
1194.0915662705
1237.416985105
1287.6038078818
1338.1732054859
1258.1622365917
1307.8729366933
1163.7798967154
1365.1759291556
1139.7239539581
1224.6766768921
1387.526159423
1350.7762029039
1220.9315874238
1178.9979313742
1030.9783713681
1431.6936945287
1440.0941228461
1287.9692268551
1236.7625334763
1284.272410333
1236.5919045897
1287.0824394538
1237.3010113643
1131.0249799944
1153.9776294193
1259.7718290357
1338.4828922366
1277.5065082134
1451.0166575689
1393.5058408633
1237.3810492175
1157.8662605825
1154.3806759588
1180.1425967634
1291.7542316391
1397.0532026834
1169.8212514222
1353.7359506794
1297.9675197204
1101.1587714654
1289.9568572893
1263.0497030747
1289.1872618612
1239.9073465229
1266.714591579
1257.4951779228
1270.672245754
1293.4517651983
1148.3142309559
1241.7990528187
1226.7815277813
1117.6314883083
1299.3504092683
991.64192263664
1329.1927919065
1264.4419119542
1311.9495687421
1036.509330035
1221.9436633351
1252.6071802872
1108.3449776472
1191.355219795
1175.5277386281
1108.380687376
1205.9100658752
1352.8230730747
1375.0563163915
1307.7339810319
1230.0009725356
1306.1713565046
1192.4728522727
1236.5739672103
1202.3506868179
1143.9374729463
1230.3728809307
1374.2841669675
1167.87021795
1209.5464110583
1088.6080957793
1165.2123386037
1331.527486529
1231.1207493154
1140.0193597732
1317.6911362628
1380.4467258981
1263.2335417542
1224.8582518104
1336.8733071709
1208.6425751321
1130.265953561
1287.2563767394
1135.5654162301
1372.2418330025
1108.7430214594
1137.2669654876
1377.5663540967
1263.8864435841
1164.2504709968
1308.8184639921
1213.8327187
1224.8865569578
1109.1356650039
1285.2364659106
1359.1632551918
1376.6810781283
1185.150405699
1313.9986336304
1390.4133523297
1196.1492537226
1220.0528333291
1392.1172347818
1383.7294175803
1264.8927877698
1371.7418294382
1406.6648784383
1226.5777388249
1599.1354141424
1097.4057375714
1210.3825799314
1117.88657815
1306.7317268482
1297.0279850154
1151.1553418243
1238.6763854303
1388.9293608629
1193.3052549504
1386.8354003354
1334.2020844155
1257.4992363913
1381.8532563642
1072.7074382458
1324.2846103771
1451.3631883264
1273.9430076322
1254.6322368044
1125.9140690006
1120.3404009107
1294.484100126
1368.2213420093
1195.4965542663
1131.3439052828
1240.0406486185
1233.6864688185
1100.478546405
1236.6430760898
1496.7772288182
1210.3953553672
1373.017758688
1308.6053732235
1187.0309605505
1279.3980693816
1308.3409157182
1400.0171001944
1221.3195531205
1104.2041989175
1241.0502419436
1250.4968839296
1365.501798112
1194.4465937532
1329.5228064602
1266.832007604
1346.3556053356
1310.899508058
1178.9217141711
1203.3410871746
1318.3384498938
1115.9244987339
1305.1289113243
1226.3247305529
1259.1791804072
1195.5394903345
1181.454030691
1097.3931000384
1186.4836489361
1277.649484587
1262.6713930129
1149.3462406502
1295.0868164857
1341.5354893774
1162.7491480458
1243.0776077023
1281.5803209943
1330.7742211851
1277.3794256657
1199.8527905612
1210.4371315984
1258.1026942503
1217.5817784327
1365.0643402832
1389.1137552297
1041.8158731017
1156.0914903918
1487.3527452698
1225.313575616
1022.7372769846
1304.8014520968
1125.4758702926
1231.4552524522
1142.2437659459
1228.3132911939
1214.4287522976
1248.7486711316
1133.0014053594
1073.5348946499
1287.7904571701
1227.1028649199
1044.6939941051
1250.5921392565
1216.3245194679
1101.8761207479
1349.7616820317
1137.026408598
1445.8517335933
1213.882707505
1414.6325106706
1373.4252748365
1140.3106058435
1172.8726497837
1207.3656956014
1189.2032749053
1435.5182960953
1371.7684626569
1072.9108573241
1041.9224964161
1313.0834231547
1219.3083019984
1132.3584452482
1221.9638755813
943.21923482492
1367.5211524737
1504.6639157752
1236.0854801334
1096.6518123623
1167.310912424
1290.111363265
1325.649507095
1211.483899136
1470.7213325029
1123.3040044349
1138.8480129305
1211.1690385713
1297.0328103771
1237.094832668
1111.2484345632
1121.6756026314
1179.2205831331
1205.8271602569
1250.7114645076
1148.4034880567
1315.5023411469
1197.1711073241
1295.8316409441
1141.620779826
1262.2837212172
1272.3087247494
1232.194673167
1275.1972645629
1259.3485369484
1374.0376732231
1431.8301428403
1267.6351367423
1193.3707367018
1430.4100347286
1278.2926665357
1315.7743612815
1281.8108035106
1196.376004638
1049.6080890768
1041.8135259887
1172.6064082058
1396.0696195708
1094.6970405401
1272.9216883683
1159.0239996125
1208.2909509729
1196.1350788826
1229.3034676634
1393.4901203681
1242.8060335149
1265.8430325722
1262.6813586544
1159.9599817822
1153.1746757804
1165.8116545889
1536.061591059
1161.139976233
1321.9666490618
1119.7227955339
1287.9466237296
1246.7723440968
1461.8402693996
1381.4484762658
1170.8246682381
1149.9621193959
1240.7115185502
1114.323708675
1300.8372868624
1252.5030529558
1203.0298670431
1425.3252511547
1180.7295739377
1375.7810678708
1229.29123362
1247.5559759255
1183.8399384174
1316.6535916847
1143.0321482751
1026.195200379
1241.166892686
1126.0824472234
1172.6131520623
1201.4482503654
1065.063080096
1293.8417003512
1352.0782002078
1231.9354231727
1307.0143971594
1290.8703216963
1223.1533338939
1201.1876803104
1498.7357303215
1240.5863849455
1336.0017650286
1324.9008412829
1107.348177067
1344.631117398
1397.0585852821
1257.6529474863
1299.0352222392
1349.5086619669
1263.7590111237
1360.8898654572
1272.023616626
1290.6652899484
1467.5255681472
1241.2044867206
1334.8741075685
1191.3591053554
1309.4219837965
1076.4664407379
1236.2337898707
1100.0938045732
1139.4936216456
1129.8798981774
1205.4150409823
1235.3437438444
1172.6947780524
1251.1889948174
1320.1477729022
1222.1708811049
1205.457362842
1347.3000264831
1178.0863307121
1123.8843263636
996.45738179605
1129.5797254395
1240.3964719506
1326.2561872721
1256.8464016075
1339.6279291165
1366.3491270857
1431.1795563258
1206.8700820385
1340.8478901824
1360.9409596899
1191.3701850794
1345.5007973161
1202.539315933
1297.1588473919
1335.7062324162
1181.2392046279
1256.5005011648
1222.0367859234
1299.4729294446
1145.3778996934
1408.0106135902
1189.1362586951
1275.9923459873
1218.5374943265
1350.7008696623
1224.46884786
1405.429666454
1307.4519375011
1337.1393707603
1192.7967490159
1285.3148260469
1220.4037881266
1210.3433171085
1132.7024377907
1489.2007873908
1077.1716493928
1145.9947862905
1440.2712313075
1338.3113362707
1137.1728546788
1361.4612414144
1247.2813427936
1257.6098556664
1355.1590627953
1221.6030498787
1421.086723989
1187.2167740094
1116.6819006322
1360.8739510843
1233.8564629053
1233.5389095984
1155.8059311937
1358.9863664534
1199.9695546043
1160.0506252283
1201.443824225
1031.4379243652
1213.4803247461
1232.0233251598
1281.9501548352
1416.3628339579
1123.4444001785
1351.3024267108
1202.4048103686
1570.059167152
1371.6903664482
1079.4288552001
1412.806629522
1140.2540256815
1226.2649330934
1071.7782477296
1340.6307938127
1289.1850816734
1151.6532719621
1212.2472373362
1338.9240974759
1236.2067742213
1271.4787984291
1372.9040549834
1081.0469973451
1112.9120610814
1332.770886584
1278.855235622
1374.0649288212
1136.193264164
1290.8172225378
1138.5466475183
1149.5282403319
1178.6322441929
1198.5348529122
1370.4671928544
1328.0399983669
1479.3623085335
1182.5182827841
1346.2967038598
1007.1590278476
1394.7784788032
1322.047547657
1396.8133282239
1315.6881581323
1205.4940183971
1206.4264872788
1273.5326487962
1144.96775067
1108.835514267
1393.8402681188
1521.6852930567
1313.3797466229
1264.0293829363
1217.4723239293
1261.8245079855
1160.678742872
1190.3980720516
1276.4283418649
1167.9244526234
1330.9793991926
1320.4393328473
1251.3522484241
1329.7284666487
1317.4992820773
1398.8975442998
1424.4024132107
1188.3346505983
1193.7583071053
1334.5156715622
1117.9324502607
1184.819262404
1310.1438960571
1273.0437804355
1296.5943777872
1475.4147226473
1318.1187495831
1290.1913120959
1141.9102866025
1230.0372597008
1405.1051466924
1308.559503224
1196.5909233211
1195.5336729207
1197.1004846205
1220.0071815125
1283.6243673701
1192.017146218
1150.7707813563
1227.0815117131
1218.7330173056
1202.4086314083
1238.0833081306
1485.6620286772
1055.1316983077
1332.9841205061
1179.4135706303
1291.765688337
1299.7634074667
1134.8923274076
1318.763134861
1210.044375453
1275.2522049468
1422.2748780806
1286.3374598157
1274.7954234679
1216.853077491
1151.2878612457
1421.3260705228
1130.1500688454
1298.2319076744
1405.2855887841
1261.0098976839
1130.8609402059
1325.2359950547
1319.6410523621
1243.3841329771
1231.8451196906
1257.3331202126
1269.1200441319
1167.8267203489
1306.5068199546
1249.7934059616
1252.6297774854
1131.6963886997
1232.656704646
1013.5958504658
1357.9063886662
1317.1794743111
1232.9585979814
1095.8977568734
1290.2565125332
1393.0944528354
1422.0897334187
1279.4679636374
1260.3127145091
1363.8218673442
1163.6465224935
1181.6117072222
1149.2392700538
1174.9024846488
