1136.7180059866
1232.0903906482
1274.6701221587
1302.01357302
1247.981516262
1124.5976260166
1251.6635018091
1305.3555453005
1306.6062730315
1247.5580554763
1279.5136550972
1390.5495892237
1378.7819036785
1240.7578845557
1275.822681981
1381.6840358833
1263.7448930276
1320.8183618383
1187.6033347051
1095.0180566757
1322.0159830815
1238.9569975556
1348.1126622766
1308.8513323472
1253.5707460174
1233.6673465737
1137.3073693991
1224.5962909279
1187.9214626052
1254.5864835387
1417.7086702516
1178.2014185081
1261.2732151387
1224.5293508497
1364.5317244875
1249.9809633025
1216.2349017727
1241.511306121
1230.6272722883
1215.1468989973
1225.4485739208
1104.1341158334
1279.8141717836
1334.7157797445
1320.6586159223
1252.6125573517
1361.2883945216
1247.2781145475
1296.8178934435
1568.0857467549
1307.5195469306
1218.5785390025
1300.2235850973
1407.5981730739
1228.3854472472
1215.6188140415
1216.638664086
1219.1516796104
1397.8918554624
1222.3450897782
1332.4042830832
1457.4137398025
1250.3565020914
1245.8924017915
1119.8053769965
1276.4228706551
1278.9245298813
1211.5384492904
1304.3014523137
1199.9211099168
1258.411278153
1204.3031089877
1347.0289328805
1220.6560615973
1285.5275785106
1321.4111939606
1376.6555875696
1293.614704667
1251.0178532864
1129.5409773289
1081.7754739185
1244.6965515882
1346.8577266702
1166.9606087891
1223.0997370957
1337.6659099924
1149.879350276
1315.65996091
1250.8012220001
1369.9988126369
1168.6499317327
1224.6842124239
1277.4457015819
1181.5092921154
1227.5530231759
1279.4396228374
1250.2951222141
1282.8808150347
1365.7376670779
1194.688525485
1276.8691021687
1170.8073125457
1219.6824960429
1348.0121488379
1212.1723405706
1227.8189909871
1168.8324592936
1190.0680985763
1279.3037503358
1311.4120085392
1255.6365710581
1258.0039365192
1171.5842050597
1236.0087805389
1313.5748855199
1292.2738968454
1248.0678383616
1186.0995381233
1299.2780935483
1371.8247150284
1393.0139031448
1347.3514139039
1257.0946449828
1230.9903596755
1294.6213362893
1210.5280980745
1559.9018965238
1423.8447946923
1184.5854647723
1163.2353317767
1169.9731841389
1316.729540151
1232.3806082751
1250.3990827705
1254.583332891
1314.9591506493
1149.713396022
1140.4065279782
1346.8551315003
1029.5618117444
1092.9756636733
1296.416161499
1279.6957321927
1383.2013088102
1450.09456658
1135.367416259
1141.6070061972
1243.779331839
1206.0466624725
1096.5269642936
1133.8510450345
1280.1815607377
1426.5982765119
1207.3575503067
1160.2463847446
1256.676906307
1250.9110219948
1439.6791561369
1245.2290528778
1148.5152030248
1388.7402537384
1272.1712264351
1150.6593755626
1318.3700345927
1277.8910545455
1332.6598374268
1133.0542719352
1404.7403456189
1416.7027550742
1174.0483205387
1275.3407735734
1289.1317171108
1174.8549893561
1364.4996664887
1509.7381578021
1101.1562094634
1073.3720546299
1465.4406858894
1235.0736705483
1446.8182730992
1074.3216079015
1216.2743694052
1149.0726845171
1242.7827333153
1341.1608643927
1172.4593034615
1399.1800825679
1035.0254018536
1273.5594532842
1179.9526779325
1233.4728433272
1259.7516344821
1143.4543923896
1277.6563445084
1186.4300564944
1345.9279446901
1438.9715148715
1261.3248943017
1184.4347028331
1422.8838267506
1377.8734797478
1204.5295700623
1240.9170288913
1378.3435533001
1163.3352918642
1335.5996035404
1268.5205782331
1395.7881830424
1272.3688051701
1164.7600565944
1179.3506908835
1278.3463869538
1211.0755869651
1342.8834374496
1171.0965578846
1162.9215078245
1194.5121582771
1230.7282293071
1283.7144600479
1227.48635656
1154.6973735141
1286.3999895477
1128.4378492014
1334.5827216524
1251.6655437084
1153.6797589727
1249.7859271026
1262.5244568072
1221.5523982691
1335.4823560073
1270.9063332567
1373.6609833277
1179.1283797239
1215.5093414118
1314.7247537436
1277.3928179554
1401.3176848118
1222.0994729983
1264.3533910961
1291.5847186959
1226.6087781366
1215.0750777014
1299.638011846
1390.8126762078
1168.571254441
1407.065005132
1336.5341665779
1307.1300985542
1282.1496865027
1403.8215026287
1196.2360673737
1246.5313150966
1098.1478891799
1231.3402522522
1210.8310205317
1292.0420558346
1211.9509650389
1177.8933364167
1224.3702143236
1415.2895748166
1215.011978014
1355.3748241656
1180.4635129434
1185.7932945172
1378.9673038848
1409.4517679644
1278.4982103021
1097.988938035
1161.935006456
1311.2895471806
1242.9604469854
1315.3143577169
1256.6372789087
1277.2472081072
1121.9162362203
1202.2206895373
1185.6800897112
1245.1995542708
1295.1284330888
1265.4772515943
1200.9689555513
1172.677290639
1219.1026856674
1221.7915443158
1330.6978877244
1165.4605844588
1374.1687157887
1249.8538179814
1196.9313980823
1246.8520836209
1199.3315266295
1459.367665687
1228.2662557661
1319.8535689896
1210.8833682784
1274.0376501316
1327.5025919989
1297.6912880252
1281.2861912203
1354.1100354179
1233.4307788531
1337.0811338353
1336.2571286399
1109.3128159702
1156.3614941852
1223.9197322309
1271.5588022144
1289.2892394922
1173.8427942413
1144.3118344783
1252.8069985394
1237.0181152612
1360.4318202048
1204.3037454014
1383.9588577416
1269.4171164236
1375.3041899036
1299.7155267361
1248.9801322216
1088.5681305855
1336.3350304581
1225.4520328739
1358.6750845804
1300.4566009476
1088.9657031782
1286.7120375082
1182.395849831
1304.5772274407
1097.5208738227
1150.8241578705
1280.0756814902
1180.3875175319
1408.3920175056
1241.5860092993
1235.3259839042
1276.9854912744
1179.9441856756
1213.4857808118
1271.3605895729
1181.6372650782
1283.7903470149
1311.04135292
1376.1806950244
1314.6034994489
1273.2844356524
1211.6659195603
1207.9733772074
1148.5705167813
1240.1816439648
1144.9585402981
1246.6462162287
1268.4670681018
1301.030176961
1295.6672808686
1337.5021517736
1203.8586335277
1408.0719457788
1208.4535221734
1277.5869145955
1314.7037001305
1272.9553285473
1372.3394592392
1476.458906419
1362.1717514757
1306.47798904
1308.0210963832
1255.9520765006
1349.0723770562
1276.8623243342
1160.4913376572
1203.8580611071
1314.741813025
1260.3831782834
1212.3354724282
1397.8369943442
1194.9898979115
1259.8399973802
1242.9606782162
1326.3639545751
1250.6602222216
1212.7937998969
1260.0407681551
1321.5189417755
1228.754150874
1084.8147846644
1318.8217401846
1133.8696677402
1377.0225297776
1064.5050761198
1301.4427436025
1212.5756640056
1222.6344185792
1221.1233329723
1329.1205845489
1077.6377103173
1198.9753109013
1303.8086108805
1300.3753280739
1200.6992988606
1150.7498577431
1245.747957363
1408.4999420027
1356.9645451573
1320.182266436
1251.0318929489
1240.1711832334
1266.7827369968
1304.9543682957
1164.8715075658
1328.9448349815
1089.0731811272
1092.7284743119
1292.4015319538
1081.7938967674
1303.1080632932
1196.3078980373
1075.6157744233
1245.0499210943
1052.1303033611
1356.5078078734
1431.9593793092
1340.5603390987
1062.318980662
1202.2435650942
1281.5384749814
1250.420997586
1141.8465862916
1269.2669419827
1175.2728635202
1163.0780517519
1342.2958531075
1550.9711404923
1134.7185270243
1230.3078778864
1152.3862752025
1323.4303284835
1214.5510486405
1266.1022203186
1151.6105245224
1085.831505917
1232.2698039461
1287.3382581219
1286.776482535
1263.0383217972
1184.5246469874
1153.7286449961
1222.3268432282
1135.1839909129
1409.6352051192
1329.4979658563
1328.3863181827
1162.7270820745
1131.2064686417
1338.3521700469
1202.1094904948
1339.5753148467
1213.4270702756
1305.5135818593
1354.4087394141
1326.3272966897
1209.3877870196
1318.4027344239
1233.7085805222
1349.1951666512
1352.4898127462
1173.5985103785
1177.4881149505
1265.0250779933
1394.2534241385
1341.6109133089
1144.5057664485
1261.3123423642
1025.6859247003
1401.0262061504
1276.6186530851
975.79773636527
1514.6932783653
1089.0132950606
1161.6450121823
1342.2251343378
1623.2706069143
1234.6910797953
1319.6657156202
1349.4675322078
1198.744186291
1328.6279879781
1243.8847099086
1140.1991974028
1301.6228335215
1449.41985412
1106.2098426434
1333.009704077
1271.335166214
1291.9950389025
1264.1560981736
1259.1240562839
1165.5559936548
1202.4499832922
1178.0911923523
1432.7823604054
1181.8512703791
1404.8632449774
1147.5410642339
1077.8863905775
1176.8099361386
1440.1606490113
1276.7433103167
1352.5739771427
1327.3709423608
1347.8780761122
1149.6688074663
1214.7615812773
1300.8430711783
1236.4440215019
1317.7903160582
1138.5419554752
1338.2382119699
1205.4259523807
1245.3707527208
1239.6445315589
1238.8380229046
1130.5325412019
1063.4609777642
1158.8629173746
1192.3313710331
1246.387989526
1376.5444536067
1270.2900523529
1132.1266174299
1183.2094096649
1208.0332748985
1304.2048613526
1246.1986096934
1233.8014916228
1582.916137383
1095.272002789
1103.7720910112
1358.3123558345
1151.2380373832
1321.7144564504
1333.4099369204
1268.0526671072
1251.5433963057
1232.1371576785
1121.0138811061
1359.9563941358
1350.6398535534
1257.7584428538
1307.2861070211
1212.7431731428
1264.4761232307
1150.3903656602
1382.3479330198
1331.283389117
1134.7388798617
1138.7859555572
1282.3326817487
1292.2691977544
1435.497415857
1418.8891624918
1100.4163506742
1163.9457078618
1408.3500879115
1238.0181423206
1396.7225750388
1317.3131353744
1297.9276221181
1096.6794953625
1170.0664955497
1193.6528823861
1237.8963725279
1409.6862479329
1376.4058040091
1317.7497472833
1334.4815973522
1368.0325504589
1243.2929946049
1119.9143922
1169.0188245024
1271.02735491
1297.495515123
1459.1846097505
1244.0539548787
1167.3525210524
1203.7868163285
1124.2072094714
1329.8815362183
1267.2613103201
1188.3478899218
1248.5726563521
1156.9356404223
1172.0594270533
1131.6944005893
1206.8353346741
1325.4028216846
1258.1551657859
1287.8561242254
1164.837321186
1098.0228665465
1140.4496640164
1319.6964789854
1201.845720798
1235.1370983812
1297.7611680903
1156.9330133039
1273.826551457
1178.9789401428
1357.9304555078
1147.8415402209
1049.8671606201
1186.7326384551
1324.5644003456
1421.3733483244
1302.1732904522
1185.589910399
1131.5890761143
1204.4224877586
1134.1225026767
1146.7804017878
1222.1352603661
1406.2817820328
1335.6653520033
1316.1718950018
1073.2683076224
1260.4378830405
