1153.0484862763
1316.6783863817
1234.1902160969
1309.885821898
1339.8921136496
1320.7717851488
1094.1920694818
1146.0793974026
1199.0571912265
1088.690797897
1301.1236150547
1337.8026632153
1469.9214978921
1196.3980881308
1363.7792005346
1474.2204682729
1089.4444037949
1283.5326594973
1470.9945272655
1238.8650200562
1195.4981601977
1301.3013242946
1128.8907922709
1465.6890957767
1210.7981604869
1260.1573528093
1195.0866472277
1216.688629549
1272.3148941139
1259.5095374688
1157.5474541548
1388.2132301769
1268.8199880157
1250.1386862684
1282.275432218
1409.7548398536
1172.939954201
1266.9753730169
1338.0971154948
1296.9968158139
1256.0720318476
1281.0021307662
1216.3203194043
1242.9062416281
1373.2767781803
1245.5828684393
1127.820802193
1271.9255811585
1474.1499987949
1185.2109695248
1180.6657654408
1260.0678407691
1057.9796691615
1394.4574852403
1287.8728336244
1315.2689053718
1192.8581610828
1230.8865128485
1285.1529535089
1172.25315565
1030.2460803628
1164.4244420094
1261.1173289693
1426.7539755759
1263.0799993856
1117.000322504
1277.1298027866
1218.8279625282
1257.6604782462
1239.5508450482
1290.4937061059
1139.1061738526
1160.4988213183
1368.892854189
1132.7153091464
1161.2650876086
1355.8839829408
1125.2738082134
1158.9051493435
1288.2832211985
1317.9764453697
1088.46264625
1288.3773964279
1188.8659735525
1406.5896338028
1334.7649320315
1296.2679377687
1377.6834035872
1487.9789679683
1431.0707339502
1239.4757922881
1148.7144705387
1190.2194312571
1245.2490165625
1364.908441678
1105.8146680865
1226.8765082004
1276.6296788077
1089.6262155468
1347.446279907
1208.9332764313
1251.2645578826
1193.4717110834
1162.705912614
1251.7773125191
1208.9796268874
1434.5138143302
1186.6375421503
1494.6444192513
1245.0457748732
1377.3441626587
1434.7624945044
1140.1499616649
1289.4562322179
1433.0981936548
1262.7056471826
1287.7313510059
1231.4904757094
1302.4802476717
1220.2271351296
1434.3396833072
1211.4824728966
1220.7707528814
1260.9512787842
1072.7054115198
1278.6794236267
1205.0117395647
1241.7148556596
1247.5692014406
1352.7888440109
1382.7197390378
1308.7893837273
1316.6728154379
1054.7235855559
1280.943028509
1271.3847326846
1296.3475086915
1262.6024893423
1426.9602902675
1197.5113838675
1330.9553655462
1231.0550508653
1122.3115754384
1140.512621774
1126.8449805383
1192.3563033952
1166.8604844344
1247.6616203935
1324.1739741937
1342.8865221311
1444.7355196772
1305.4376833637
1412.9114179548
1360.7557499298
1336.0703027551
971.77842966905
1238.469879582
1325.9038476265
1195.3088510131
1286.3348253213
1166.7829629321
1282.0040726871
1196.5471848187
1175.5986843152
1191.9616458781
1229.9699357434
1224.7213361514
1403.8537405411
1205.1357719913
1246.9851180221
1382.3415176942
1278.8859789255
1278.193612774
1139.2488081361
1297.5984296482
1352.9054617788
1303.7476418507
1176.5430970049
1315.7085095944
1342.8242366798
1272.7835767104
1185.8364947342
1459.3036508094
1188.7610554834
1345.8586450003
1216.0488713811
1201.7931999369
1304.2060933474
1350.0116396592
1187.8168219123
1160.3956538869
1145.6851815505
1214.2833062641
1290.213836795
1194.2064102415
1229.4622048704
1257.4697810019
1482.2434196441
1253.6205643379
1276.7128147318
1143.80209507
1255.9100955695
1066.7089871887
1275.310409399
1304.9445828008
1203.2279968093
1185.6587947312
1109.0370116322
1281.2776519063
1092.4633263294
1390.9265221046
1229.6850567155
1059.4542567366
1217.2806930916
1481.921980519
1256.8269278661
1281.1855506476
1144.2045170428
1230.5145083239
1341.7972245535
1558.8655427199
1377.4480746571
1226.6244469117
1284.3790827707
1253.3938389448
1250.2541228424
1241.1377449202
1275.5953669895
1192.9635095854
1268.4638214457
1186.6352837114
1331.2505275174
1178.8739132757
1296.1664088107
1226.2310368749
1362.7625149517
1140.3875110655
998.0893682868
1241.3132331681
1257.6432393318
1205.8642163281
1289.0863994211
1271.8194538876
1135.3192022326
1328.3689271609
1220.3063380129
1280.1420217403
1257.3042252974
1250.6326041919
1235.3174387971
1361.6152839414
1175.122274612
1432.0308763644
1343.3337584329
1327.889059715
1290.4517405418
1177.036635161
1142.9237795214
1334.7994642925
1312.0897150779
1223.500448958
1294.5710376876
1046.0795862979
1029.4845792673
1253.5462486633
1138.9566073053
1457.8687529569
1288.7327587779
1441.1669787811
1376.3075467856
1181.357593869
1503.7132082994
1228.7260315883
1060.7705150143
1287.093065897
1255.4803395868
1202.5550750103
1223.9908857566
1108.6722239704
1268.8478010885
1347.3197061507
1298.4995697566
1340.0067290051
1341.2722737012
1218.6025237988
1332.6610828578
1251.0700268884
1210.7796517426
1357.2349084253
1380.928860437
1344.1850246899
1113.1231524133
1287.756154623
1232.0952668249
1280.6609371225
1332.1288975172
1262.6337499073
1177.1217894955
1136.2161985552
1122.4193213054
1476.5418533244
1135.2240559432
1390.7773716451
1132.3428661026
1081.5206608983
1149.2075568738
1204.3814290672
1252.0200795371
1248.7301485851
1265.4644646221
1413.338171191
1299.1096363058
997.26337770211
1345.3679370736
1315.880828079
1111.6130729175
1219.5389316282
1211.4434747956
1220.9139464371
1241.2093294213
1299.3094878226
1215.0270419003
1240.0230782221
1226.6081649323
1197.901769626
1417.0726106337
1222.6319289773
1203.9231859398
1205.5001329664
1299.2604162535
1385.5180350716
1289.5377721332
1239.9606851902
1267.5874659806
1257.5109704674
1264.3823342223
1207.4841084209
1156.9577761042
1396.1173955739
1281.2818500357
1305.4683475674
1266.1875910656
1204.3018970316
1271.9357516857
1344.9021973943
1412.4362150544
1246.9431045309
1332.5583234687
1428.8857572989
1245.8099780325
1268.081277984
1313.0680519246
1299.881685693
1154.7466401603
1493.6667305842
1199.0029737247
1240.7450268334
1251.8949902355
1309.3759312141
1082.0063007089
1227.1333007119
1343.7044127594
1353.1437960951
1364.891803154
1146.9130311781
1185.6470057203
1137.6399869146
1445.9145304212
1396.0770077572
1309.0707209061
1358.533794823
1240.2263668094
1146.5694112108
1519.379475638
1242.0559476535
1212.7400851264
1232.5387599311
1333.2864045764
1140.2056613958
1128.8502618931
1382.8910960138
1067.0076825679
1146.8325449566
1186.2881217639
1353.0847965447
1264.6221021447
1209.1560757694
1350.1230336025
1298.0657085932
1069.4629289051
1295.6421419684
1158.7244129328
1253.3733902434
1304.7680352802
1079.0196823547
1290.8193622185
1083.1280439232
1146.1884752828
1132.5169067125
1360.2260103035
1176.4925010388
1375.8344818916
1303.0895828458
1289.264147476
1167.7182645828
1403.5204901651
1258.5238584639
1366.7395671364
1224.2098995064
1294.8920108575
1131.3051214903
1216.9741031209
1216.8266426205
1244.512173876
1178.1327370993
1146.9523137571
1216.8492567367
1195.0903273289
1107.0391663504
1374.2188564954
1311.18726652
1245.7231262156
1200.4078978628
1272.5327274518
1125.9366201608
1028.6202881572
1176.035187711
1185.7326576475
1341.6252799443
1445.3115086006
1406.9454531101
1264.7353954181
1143.8472823977
1097.8387618254
992.5055759488
1168.8965742681
1306.5057387315
1091.0802848972
1121.9681614302
1289.1349264578
1041.7610726912
1414.0746188098
1447.186854396
1196.7086492095
1363.4796559393
1159.8209630671
1355.442157971
1401.2730915196
1114.639135283
1265.2360803924
1240.3509134749
1436.0658169899
1140.2638964702
1127.6391240111
1167.7503417773
1243.0234801547
1468.6663339275
1187.6020278283
1326.3773508793
1417.9308127278
1169.8509657514
1271.3976552476
1150.7241168145
1142.0917245245
1311.5453598009
1197.8599834202
1065.395341297
1151.088511204
1377.9417076729
1298.8976088909
1109.1516448427
1177.0554594054
1258.5999352045
1195.6405889064
1390.5698565625
1542.6027244143
1434.4172333139
1220.3754719802
1304.5037019149
1226.0444800552
1156.5145568034
1101.4891436199
1335.7491026597
1394.0505455431
1385.9360680438
1446.7886379354
1157.0772487574
1090.254185915
1159.2455648735
1245.9553976558
1271.394439398
1322.5561134006
1212.4314302115
1230.8378144735
1262.9542268343
1109.6674868662
1291.9070022147
1380.597440738
1076.5516266414
1252.3759227512
1191.0366133556
1365.624276499
1290.8939245893
1208.8494661428
1306.1300634849
1259.5000629447
1244.4710275472
1320.3690469229
1158.2219537459
1241.6643823649
1088.357915318
1284.128925276
1202.0383904041
1343.248347204
1254.2938456896
1096.5836760907
1178.7719961197
1174.9122862815
1316.0064961601
1444.527919098
1212.6255624216
1339.8180005409
1304.8058900106
1244.2653880567
1206.7980856066
1118.6792119203
1249.9584739146
1209.5966663535
1226.6451160767
1258.8180738289
1322.2888605335
1195.9294854981
1214.333023931
1431.8969340101
1300.7322161015
1273.14455506
1271.2677974178
1246.2750157338
1287.0947256304
1426.8544969215
1415.7927759565
1088.4629416783
1225.9594084697
1105.2694042134
1285.8225314501
1152.9061636702
1376.0291663491
1353.9678714754
1268.513621787
1299.3398715806
1288.2360321992
1209.9613933175
1205.6166381584
1085.9332399251
1135.8961197761
1245.7429553149
1072.5950290757
1212.7649238101
1238.1238111354
1292.3536869017
1318.401383175
1170.2085195533
1308.0115065599
1308.0427772722
1114.9744930075
1142.9754371942
1202.2579486202
1289.0794174013
1293.33416415
1339.5939633964
1189.0242162097
1133.0772799411
1371.6075574535
1250.3357206906
1382.1025964973
1201.9700853618
1308.6180304612
1251.0111020723
1494.3758289533
1158.8537359128
1365.9716767529
1323.8617244963
1161.1933413952
1231.9480678784
1223.3911660857
1461.8499343896
1225.258378346
1246.9185533485
1205.929527757
1360.9391081922
1120.2451201672
1358.4192795602
1187.5267743465
1186.1124411398
1360.0292097072
1204.8239532163
1199.8305240213
1256.4915629447
1041.377217298
1263.3158179107
1100.3563462647
1097.5926422469
1059.2678208522
1061.3378051635
1225.4725364697
1100.3301131583
1186.2182431205
1255.6534861915
1135.357260115
1257.2533310503
1397.1224824539
1236.1216413108
1285.2398513131
1323.5585609088
1277.4566420087
1079.6244868726
1389.6817337909
1375.8720490281
1341.3899321088
1190.7887071887
1099.6772195606
1221.6951556314
1275.7779277361
1318.96314328
1269.9923701117
