1261.5382814494
1336.0630213173
1157.3485285007
1231.5445483249
1294.7700451857
1321.4841164835
1419.6092088379
1168.9192290267
1225.3567567061
1128.4986540671
1376.8220849086
1192.2326613446
1354.9864468592
1412.4827829113
1369.2169311504
1207.5264222575
1272.4145533184
1243.5518659662
1240.5733841567
1298.9588108769
1270.4472798553
1167.800637658
1290.8968699855
1413.3971662002
1395.7369298142
1287.8489782812
1261.3752342661
1151.7345518881
1200.3558009069
1235.069639667
1321.2115028779
1273.9743043088
1337.7545496254
1345.6243215249
1265.886849308
1181.7172764285
1194.1446055374
1256.16747248
1298.1158542068
1207.3799492463
1417.2359424015
1463.7412015217
1136.5078621718
1125.6528381407
1338.4126899022
1283.995139327
1197.4258707791
1171.749454589
1359.7796900513
1312.5127895173
1402.8419204763
1172.599483855
1245.2319886668
1376.0755218578
1304.9731555814
1266.8427447359
1141.5826771635
1319.5271639508
1216.20803834
1472.4931080812
1273.338575095
1346.2637626464
1340.2581278464
1279.674878118
1257.8381179006
1069.2294438909
1419.2757079188
1045.342969898
1137.1378918392
1290.9200756091
1154.9217207524
1290.9274898509
1239.0909943679
1187.5535467014
1245.6140462841
1075.5787980663
1122.6003675234
1248.5730473638
1120.4080569568
1203.3709805876
1285.8274262387
1223.6508146112
1339.3584513482
1133.8807168299
1368.6380101686
1295.1736526616
1246.7206379695
1212.3661815135
1183.8234477557
1069.0513862572
1196.5006441225
1346.1152020371
1278.298177547
1263.2853261588
1368.3022297612
1353.447116384
1385.495169748
1144.376602891
1193.8203067153
1142.9301986168
1397.9428667503
1435.3115455841
1153.7372950264
1402.9196598286
1365.9295425841
1237.6195846365
1140.7209703871
1216.6357934321
1270.9992282623
1300.2193233295
1319.7386010832
1343.4370818658
1386.6763602142
1124.8124486027
1214.9851067817
1197.3254095248
1261.067385898
1346.4745785587
1282.0910299024
1212.3093329081
1230.8157150935
1282.2178281493
1224.0070775545
1156.8712320757
1180.9800279921
1166.9298546667
1175.7352607085
1271.4910674092
1333.4382599675
1343.4173523375
1433.7200911873
1165.156853055
1048.6644577856
1142.2646794981
1263.3943457316
1381.1189808647
1168.6475398611
1203.7150359828
1190.194343931
1297.1098647176
1375.3835304766
1289.3992325677
1379.9054842954
1240.9426316161
1194.2602901499
1269.841407627
1153.8081547768
1237.7530835284
1175.7663098961
1468.353048741
1357.0555096421
1240.5620917098
1211.881636966
1229.9785187773
1149.1479986719
1179.7896822615
1393.27654534
1278.2304200032
1272.1882582659
1347.230850727
1478.073724511
1241.4068126681
1079.6430825131
1101.4341267248
1136.8392948066
1321.1459697661
1350.1056611163
1199.5485233519
1298.1094381863
1027.7238291918
1228.7166292318
1358.1267551341
1062.4723160711
1188.7350603514
1212.2784215122
1182.9776883281
1403.3734300171
1279.8491861307
1309.2712235013
1192.3052033904
1189.6744382583
1083.9618238896
1240.0117474322
1194.5669555851
1207.6643888097
1039.2066296553
1169.8318909201
1256.9125021793
1330.3109396821
1381.5413008627
1289.1396339802
1367.2215015137
1189.6129168176
1374.3317131198
1359.728395261
1410.7664456482
1341.5456715535
1207.3692665389
1222.3650755996
1253.5015117006
1087.6492657247
1142.4336893067
1314.3511497789
1290.7952536218
1163.2272208431
1385.3091073683
1355.4291178347
1268.6985927136
1268.8947057746
1299.1366284315
1252.9681612493
1411.3759306295
1376.7395815281
1362.8273289492
1198.7407595918
1222.6147591008
1128.7870508961
1264.1381967241
1174.1662722236
1374.3908396083
1221.9485335993
1196.4306026678
1219.9176093778
1160.7155342809
1207.0885516472
1367.3504680052
1333.6605333096
1099.6707188523
1275.2022658486
1282.7366475862
1179.785018033
1379.1498652331
1405.3941556322
1200.7888060196
1269.6184223401
1411.7242832122
1245.2976886323
1350.6023935444
1242.4993256572
1111.3786589591
1357.8398823052
1134.0926585506
1310.4454862125
1255.2813287512
1298.0761201824
1349.036138471
1444.2471547128
1171.2193441115
1117.688368668
1463.2955073495
1392.901518495
1263.6548587727
1287.6979813112
1235.4300012464
1150.1190612477
1308.5970151634
1149.9326289079
1236.8368689631
1411.4732230253
1091.9347213885
1065.173915082
1300.5776320655
1281.5634863811
1352.7127345963
1348.6305066819
1295.2665631703
1394.4598822655
1346.1431890301
1220.0327708652
1273.3563157719
1158.7730210263
1277.1132054193
1316.9276416262
1312.3407912478
1310.5957134409
1166.526431989
1252.1552118798
1228.4573024404
1241.9791967472
1098.8555669846
1191.8964227898
1179.4183300044
1425.1760807646
1142.1505593359
1275.3428648938
1073.1615034917
1327.0248256252
1179.2104994013
1248.621387216
1375.8686467818
1159.0506965607
1257.5668320292
1172.8863629772
1321.9759520618
1334.9725162991
1298.1556990025
1249.0142969598
1270.3750386333
1155.2588168273
1234.7998171523
1303.8550105586
1205.1826404142
1048.7188843765
1227.945063653
1187.7019769815
1314.6750001879
1489.7951341155
1386.6387987836
1230.8310988518
1339.0524774251
1178.295981078
1338.9435699487
1422.7889177654
1199.7687847633
1164.295603275
1136.9546658236
1194.5272134896
1294.0455216223
1220.4055944251
1174.8712804792
1241.3649279048
1111.3812438562
1290.775603662
1130.9763458909
1297.0126484471
1169.8893913919
1336.6181333969
1246.7845810753
1343.3643722164
1368.064324267
1153.5538407949
1356.8354114185
1340.7573747803
1062.5155990573
1241.3780771825
1041.8444145191
1248.0801924915
1373.6256743489
1276.4654927461
1171.8244971176
1356.956234214
1292.2412075159
1311.7854922958
1339.7717496027
1296.3799166896
1051.3652777948
1236.5895182178
1262.3419235886
1435.4283697369
1316.2935064544
1252.0139541385
1109.4955471973
1463.6103471207
1309.7045682185
1141.7038855027
1171.4494780869
1133.8219848214
1195.1313616858
1359.6085467353
1252.4325200504
1255.1020256125
1324.647674655
1416.2274052177
1317.5816399757
1131.5273459524
1270.3154839569
1196.9144253722
1475.774075263
1436.4926758203
1270.0630413127
1226.4543280535
1319.8180631323
1239.1170408445
1273.0185091639
1418.7544418923
1293.5971661496
1175.0648223645
1130.8500176593
1203.5023322431
1094.0951892645
1389.4423775314
1079.2278602812
1083.5311866212
1301.5780859792
1369.3170853273
1228.692643999
1332.8831345233
1073.0600416161
1254.1221816033
1260.0801829562
1310.8791975529
1202.8162157614
1268.1521577883
1410.3869656096
1097.3039270282
1240.2526768307
1101.1831664463
1271.4176332673
1281.1971333455
1109.5003439501
1239.137857938
1076.5506052364
1312.3929049482
1172.7537959333
1329.2691041171
1288.5375798951
1162.0085906834
1337.3298512174
1196.167185681
1293.1648947049
1273.8483681845
1458.7548094657
1169.0891547324
1002.2822088505
1338.0391436595
1226.8327538277
1161.9860366265
1315.4707109241
1186.8217671686
1305.1033850749
1280.2760695971
1263.4955568268
1283.8918422699
1398.8905765928
1152.1601792935
1220.0369466313
1308.3841541319
1354.0349618077
1069.5175092605
1233.3173570128
1057.6584339908
1076.4710538854
1212.1652949308
1303.6855976074
1462.942619548
1236.6023802608
1091.6083295083
1344.3234500548
1233.0571244201
1372.2161387253
1347.58517959
1304.3116214455
1265.2479795556
1311.9092192675
1240.5990964726
1270.2589696587
1236.4139642502
1220.3905562016
1343.1190436194
1230.4688896541
1269.4711003627
1179.6931221908
1109.193511635
1369.7278167672
1306.6276645401
1495.4672698701
1142.1941268645
1257.871733305
1317.9824618461
1194.52095352
1302.6537274894
1126.0016854247
1279.3333652935
1134.4623635755
1169.4257432967
1374.3768429719
1141.2494064119
1253.150664116
1131.024514222
1285.4502533393
1401.2115251174
1142.0076075799
1212.0057523012
1253.1896450554
1123.5207647246
1461.4200074758
1185.264474936
1401.3958561727
1442.4382664471
1310.7786424805
1097.2508979967
1189.2402325441
1143.1195746435
1274.8895807886
1119.7990197617
1322.1009955472
1425.4684478533
1158.1436464445
1358.9366563358
1194.5104214731
1170.9249513777
1230.4566627195
1206.3209911248
1489.4206419473
1095.4641219663
1101.2007303855
1085.059184888
1209.5712673516
1359.0304735999
1238.4378450901
1244.1694643485
1219.7162849373
1220.4170468772
1468.6839787399
1098.6127610094
1245.3211805754
1241.2911752996
1321.8489892037
1240.7590741175
1186.0458125738
1276.4649541288
1330.044819849
1288.0799885852
1454.2669261653
1306.4593367577
1115.9976800597
1246.0253099405
1307.4691409821
1310.7512381366
1174.6872505284
1448.8966627101
1064.1979069158
1349.7001102101
1166.8637656714
1201.2516916415
1388.6052310754
1226.1220635766
1361.5138807941
1239.6991272024
1393.483183217
1201.3289434285
1127.7796284474
1333.7982164403
1361.3752513264
1349.2237111695
1151.2726797082
1239.9626130941
1366.6163755194
1211.6125782336
1155.5202350685
1083.3827847629
1191.8662713712
1154.3330589011
1384.2461094241
1068.622233912
1110.8909505722
1028.0327027678
1150.9818338973
1303.8929796197
1278.9319759639
1340.2165371908
1190.2885226479
1220.5655488174
1381.6125038039
1409.4065353611
1348.1275822438
1174.5145489431
1333.1223075468
1336.1582213367
1156.2793056088
1333.4104545068
1168.9485078068
1207.9107111768
1262.7227332451
1175.2785701747
1103.6457543633
1146.9594872922
1356.9335450401
1354.2405808314
1198.9705018886
1276.016506455
1248.1584336604
1308.4854846143
1193.5285844318
1201.3418726859
1228.9826482167
1286.6372993231
1292.3683167381
1286.546259412
1209.0812461241
1346.6963997122
1265.3125245367
1374.9233869138
1254.0533386927
1349.7451330142
1318.3049075777
1299.8965820602
1112.856938691
1236.5354887621
1276.0706748219
1223.8949309945
1308.9724865978
1193.5344362861
1419.5329393632
1103.9411842709
1336.7385157233
1374.5417043595
1109.8529692591
1311.8788717971
1090.1784882043
1120.5318491356
1257.7553379045
1329.6704291295
1134.1463171136
1278.8715211065
1198.8653863732
1065.2209615156
1210.3568878856
1282.9487133387
1283.7088469717
1281.8392260012
1169.9568994783
1225.9928071966
1357.6575503867
1237.0170679816
1432.5463436231
1353.8842539901
1095.3730349403
1210.4955888798
1259.3325154489
1076.0189556331
1363.5194994114
1378.1421283833
1382.671168011
1227.933345055
