1353.1364448989
1208.1385239989
1228.5486448032
1271.7451159328
1296.8663304139
1306.5803796105
1191.739008275
1127.3806717241
1463.4003762479
1415.0960227297
1110.0690510259
1433.6891975596
1153.4044987034
1320.8445684838
1377.4989789525
1234.2922104495
1318.0153543694
1208.6783007394
1231.5014679514
1293.9168366666
1306.8626581919
1146.7671277549
1236.3686121895
1369.2695192933
1292.655674844
1249.2485304419
1420.1646273229
1349.2175074125
1203.1655017645
1216.3616350874
1283.5366017089
1371.0283044068
1181.227531336
1333.0280074867
1159.2438416117
1451.4187504558
1277.5952178013
1283.3026360248
1196.3936203737
1248.4480052606
1345.8050928191
1337.4767874264
1122.54911529
1135.7758813458
1225.2447957142
1214.8183851621
1247.8339337664
1347.3167214025
1460.8764161474
1171.6190599531
1339.7803654144
1039.5747776345
1400.1189048927
1119.6687534823
1256.6572988406
1349.7932972971
1218.6241983544
1195.1207336228
1363.8235432607
1217.7231636269
1101.821113741
1395.0816680673
1155.0701109102
1126.5622364843
1377.941809874
1222.761699842
1125.1000165936
1151.9700918861
1166.0036006673
1220.2107121155
1158.3886058169
1232.6096804805
1293.7663301153
1211.3325763524
1332.9303159524
1194.3983081386
1296.9952529002
1282.1720782125
1347.7599599384
1488.5270032561
1333.9456414547
1252.3155474205
1279.3050190327
1356.2304015054
1173.9564704232
1218.948039365
1246.59456877
1138.7720528663
1176.5642396295
1438.554367602
1287.0040707451
1296.5178537528
1316.0781696475
1252.7564283762
1139.2534072202
1107.1042860473
1065.7123381381
1167.0585427417
1204.2809633134
1359.3459101042
1300.6750633932
1321.7798749065
1178.1474470169
1292.7480917975
1484.948104653
1147.5310514862
1281.6400436258
1209.1797434962
1145.3383491906
1229.8797972468
1295.378239228
1234.7349949683
1201.3156554386
1263.1278588009
1468.8711541072
1251.7642310655
1183.2754176264
1379.0465526734
1250.4564160528
1267.6514465214
1398.1250066917
1316.7790393399
1327.0548464638
1226.6922171347
1336.3872877725
1144.580167823
1250.3866153022
1225.8257414211
1190.3798079416
1261.1872486839
1442.8469488288
1386.709396936
1217.4115289535
1313.1580486201
1131.7181884888
1209.9200276011
1278.1495413255
1332.3458239961
1250.0569632767
1183.6946582575
1334.5908621972
1274.1493694702
1205.414882835
1316.0417540611
1167.0722034738
1220.6415798293
1255.3911416524
1288.9571186467
1258.6393636763
1430.0111092522
1141.6827168654
1197.096368902
1262.3307268659
1283.8915654274
1088.5178743111
1205.7029233578
1234.4303492787
1272.2539888735
1168.59331533
1249.6880060695
1190.4661410562
1312.4116228648
1135.3557907397
1228.8366983967
1256.2701459072
1270.61531043
1306.3913601948
1311.0122966043
1228.9276607157
1320.2854776788
1303.4076449165
1170.556885832
1325.0848377745
1173.7722148267
1284.2571068989
1365.2096684663
1257.8302567458
1140.6484117588
1476.069294169
1284.330027645
1205.3405135047
1419.8634940546
1308.7996279512
1169.3280590384
1228.0515085235
1195.7835074284
1214.232436079
1337.2784445905
1068.2670588682
1319.3452758874
1132.5874620572
1266.9085720965
1263.400032177
1222.8033556655
1319.4956969153
1224.7296374084
1166.3837029236
1360.3301201199
1165.2759229151
1404.9919305736
1298.926325771
1382.3230849445
1244.686604522
1220.5420780205
1111.7950081009
1356.8813441739
1331.8438174456
1280.6317245685
1131.4119012993
1190.5650304649
1117.3327874752
1297.528137249
1281.3889513191
1200.1132036598
1099.5969023944
1096.761393196
1314.6165159486
1209.275619658
1215.3569151732
1326.7665762371
1344.8587975269
1108.9326653001
1092.4499340659
1363.5669733927
1076.1354146129
1388.0263534962
1132.3127256611
1099.9685552701
1410.6701060875
1164.3564038106
1397.7117060643
1348.8449725992
1275.3175303227
1151.3850366647
1255.0374262456
1295.4074421555
1234.9268032685
1219.368563434
1201.9280908359
1349.6993367967
1206.9967356271
1099.4273572018
1406.7413355009
1365.9537856357
1281.5570215326
1352.8087088226
1261.968018765
1261.2976667941
1120.0753494319
1221.7982694541
1333.5190976933
1475.292590446
1194.3608430462
1238.3709900902
1425.1362349161
1091.9498000445
1341.3261566808
1251.8585546798
1368.1668602939
1200.5633516335
1171.1976944275
1398.4795674034
1194.4421739327
1260.5203008833
1298.3155691079
1432.3742533839
1373.0021704807
1270.6787445675
1268.4397318714
1255.6332976758
1175.4085675659
1147.247003709
1306.8560011237
1356.2510165278
1262.1678242757
1226.1564024509
1109.6346627608
1346.6219508151
1183.5612664153
1228.1135760725
1233.4046308085
1196.9331553106
1352.1208792549
1417.6032266811
1438.098877032
1165.219428693
1318.0056499159
1252.4547866564
1329.2014009304
1213.3933153703
1200.2201500257
1319.4214997398
1195.2910916284
1296.0100030476
1112.5827168711
1158.5786154037
1226.6113894618
1151.5680218311
1367.850786242
1121.6817894487
1349.5399830726
1290.8570302654
1261.1729798132
1187.2290598483
1280.6359203411
1180.8375108109
1294.8173836105
1255.3110938999
1268.3954986898
1003.9599245841
1375.4552699326
1122.6493413814
1269.5801700722
1384.371875487
1072.2394908417
1271.3502913583
1269.4401332264
1228.2506166633
1357.304150516
1227.5767695412
1329.0297064489
1244.9534301151
1138.0030283885
1185.6119286264
1278.406784694
1228.4835313947
1170.447532385
1314.5299641944
1251.5811545214
1333.7080915445
1285.8466923544
1246.8117583936
1258.1194658492
1204.1783830744
1239.2891649217
1314.407644485
1318.0238178423
1213.6426301843
1178.0417240488
1103.2543014869
1090.7399615061
1362.9946709775
1457.3369956332
1211.6742710536
1378.6172342936
1495.8052733015
1167.7474219374
1101.0552680401
1357.396727116
1144.3122600538
1449.3711520653
1362.0828442483
1306.4696622788
1220.1259347561
1202.1342407817
1362.5772084524
1327.9564937597
1185.8111382866
1237.7299881363
1442.2635588628
1233.3992871967
1263.4821823088
1136.2911957978
1185.970230498
1396.0712982881
1299.1108956185
1461.266211352
1294.5218537961
1204.8829371416
1206.7571883768
1130.5650155801
1283.5938081971
1174.6971583156
1160.8002609015
1391.5881697782
1461.6828598642
1069.9444733311
1151.3674384049
1344.5956124709
1224.6469806083
1246.1991224578
1277.5295463886
1196.2454105808
1212.4902512121
1378.5276484827
1233.9491959366
1241.2447541122
1169.9488423062
1218.5757881569
1324.5567299895
1185.5182687623
1090.008812588
1195.8577848472
1297.7006287684
1230.8611864377
1148.1565455013
1173.2577581835
1073.2059207441
1315.6442969443
1184.7455797905
1124.794943153
1290.4548262001
1338.060050513
1035.552010419
1430.9695126332
1116.4061738144
1123.2646511469
1274.2148053814
1377.349919272
1093.5573683166
1254.9816168359
1195.5222649808
1147.7573808772
1170.7691957315
1304.0880444883
1285.9454176334
1307.6787628593
1158.1129493809
1120.0069370836
1107.3439637985
1168.8989667846
1260.908392529
1287.6993852804
1216.4028792862
1196.5630952781
1437.6290551141
1249.833967667
1151.9272057312
1396.4047820895
1175.1650820558
1419.6034813168
1189.1414886999
1204.3089805586
1383.5715186168
1319.7678748838
1274.4112705332
1249.988332461
1280.1794963803
1299.5110055356
1400.8744468162
1217.3435674062
1190.540418443
1326.9586727421
1220.4817466037
1168.2511825303
1229.1361590858
1214.6073138932
1145.6185026312
1110.6059565313
1141.151107058
1222.1481073056
1362.6249308876
1338.9487323134
1296.1315147317
1142.428270431
1220.7797047571
1263.5183367959
1185.2782213647
1255.3059025649
1191.3951178018
1260.7299225725
1301.5127731707
1219.7139373823
1275.289496517
965.32126494555
1280.4071968961
1375.8840618795
1262.6082661853
1300.5835001805
1266.3947533029
1520.6178559744
1261.9237786192
1141.6338217965
1158.9073947441
1319.9959218539
1179.1149690138
1254.1955141778
1039.3500950541
1335.1895829639
1246.4501302871
1234.1023532283
1373.739511779
1237.9270703979
1067.4598505763
1284.9858573275
1251.3053016352
1151.7665797556
1284.7799587455
1289.2267536587
1188.6408300283
1368.3490338784
1421.9029825166
1390.8086339257
1234.8982389561
1510.7761042199
1361.6333583984
1310.0755465176
1282.8338062349
1314.68275892
1272.1264982074
1334.7853534525
1198.4893061544
1426.0589310909
1250.3937374984
1438.7751902506
1239.3385275816
1344.5367251517
1263.2108910951
1275.2766252285
1241.9434679835
1208.269163726
1331.4914409513
1205.4693063927
1363.76791791
1194.0861303529
1415.9140319055
1344.824731594
1424.3104051842
1358.4989769954
1271.2664427641
1256.3335788126
1333.722177313
1229.6624781301
1359.3277603949
1222.1035453871
1263.6695830972
1350.6704886052
1379.9858733223
1230.8567392603
1252.7081326773
1304.6243282699
1179.4373550514
1197.2451153405
1135.1911569242
1273.2501575371
1241.9151842588
982.56080032935
1139.3119277995
1391.1784376518
1298.4042959122
1247.9602043832
1318.2574345257
1251.1703378561
1298.6207396608
1302.8674551356
1176.2803754673
1301.5234276953
1328.6586122634
1163.6970297643
1201.2518065014
1201.2303764971
1273.038261681
1348.0227025004
1298.9854339899
1352.1101930424
1261.9986757646
1181.8393448556
1228.7039595142
1380.3828830436
1456.5751527479
1166.0781595831
1227.2479565346
1041.8661010302
1171.134972783
1243.5575133977
1302.6140889225
1403.4711100238
1344.3488249456
1112.641540343
1223.8423808457
1251.0455932955
1233.7715425194
1440.9378077682
1201.8605858081
1325.6960446847
1400.4745402806
1317.3237818668
1181.8930868163
1365.0054564182
1337.2576641059
1296.3434932556
1274.8678330419
1325.9517656501
1227.7546011653
1351.4866248305
1295.9723954595
1281.6067765208
1251.679611127
1177.4458523661
1251.8613997621
1311.6390855807
1291.1136233691
1064.4591092454
1284.4156068364
1319.9115244639
1326.4408824982
1358.7485623678
1181.5059424188
1122.5470657337
1131.9811928203
1298.3381119165
1306.9387439206
1367.5631712302
1241.9125154009
1366.5207396659
1416.873779516
1230.2275514813
1173.2050568646
1227.0507872228
1104.2267496786
1349.9684448397
1273.3078659439
1252.8573480396
1391.7534020263
1331.6990108606
1227.4146208864
1112.6819747427
1222.9542688008
1322.3058192749
1074.9785040803
1383.3549851404
1117.344076993
1270.4917569643
1433.7098966687
1275.0482213247
