1333.5570428263
1202.9776194098
1222.0369512534
1225.7627250789
1303.882362623
1394.2057797642
1417.6207931806
1264.0406408603
1352.098888533
1410.9252263858
1206.7031447919
1128.360492852
1231.7674602126
1330.523512633
1286.0252283125
1256.0148185545
1267.5092698957
1188.4164971304
1151.8051320179
1178.2956271604
1266.5426704954
1202.8969014256
1197.2390328227
1207.1902456774
1225.8580810111
1347.7347968056
1157.6780759537
1155.3580755506
1167.8990506919
1588.2521682673
1152.0346477099
1369.036314941
1305.0362795907
1299.7689352051
1142.559319987
1302.8851634595
1266.8645175783
1271.3505935086
1251.3791444373
1339.763827232
1227.2632736572
1183.267360705
1295.5354107302
1234.0374600302
1508.3777340032
1273.3041715665
1257.6964120292
1154.8867704795
1263.7378140967
1237.2469244352
1197.8412368245
1123.7609726174
1303.2091907726
1205.5487716114
1110.5075535389
1288.3744574482
1218.7181947234
1264.1453993531
1205.048606649
1300.8088829451
1406.6264833697
1252.999051275
1275.9885666282
1290.2632552643
1190.4238442838
1295.9751162242
1351.2494540265
1195.2693591149
1253.4212709184
1258.0414075737
1368.3518246496
1398.2404630264
1277.3895627045
1423.7864021109
1239.2787220864
1313.1296762211
1201.5886527756
1224.3363928578
1162.0596189601
1245.9958291001
1285.353080979
1373.2643524034
1239.7815725385
1329.2074920802
1394.2793952227
1475.2422164835
1093.701942697
1267.7538865591
1124.8252818593
1141.4925819975
1346.2813566721
1427.8762349948
1198.5953177628
1274.5511063041
1162.0320634769
1354.4807289994
1271.6951973746
1237.9417539888
1142.8819891429
1434.8239980918
1383.6778199822
1272.3314479466
1310.5420912998
1365.7298840999
1347.9549748146
1218.3832803916
1205.7363000324
1361.6303914202
1338.1060122568
1176.1560882352
1251.5373463753
1105.4293823428
1317.7762152272
1229.1916046918
1272.0156968006
1092.5114435442
1302.867895892
1282.8382827697
1305.1981450317
1342.8986140093
1356.0043600957
1189.8277477845
1139.5941961556
1303.4435622839
1186.3724136478
1280.6276793246
1284.4745306348
1164.2487179634
1366.8021453405
1337.3204950145
1281.2034910312
1220.8076083114
1350.5552416894
1384.3240769298
1306.7065136768
1371.3429432883
1391.7043464004
1365.2232490503
1295.8429884136
1275.6312244768
1343.3028359419
1165.4851825613
1241.8397577819
1364.8075119672
1207.1912613053
1157.9571612523
1252.53916735
1438.2851151298
1309.0169404961
1273.0368633421
1291.4964844943
1266.3382553916
1242.8764592409
1350.342130373
1238.2447936693
1349.2735051243
1283.5781410729
1337.7208389341
1174.8333464691
1259.2370264663
1284.9158919036
1070.3144063845
1189.6819522738
1258.0703870052
1281.8403142278
1298.1374058286
1060.7721529526
1299.5617667818
1274.7695251576
1166.6985390824
1232.1216905002
1213.8167063056
1204.1575187807
1113.5972973907
1249.6954440657
1522.688115874
1293.9187091524
1206.210826434
1140.432825818
1314.2857568241
1517.0225643369
1217.3102562525
1090.4653587966
1177.4191056377
1442.5233661039
1347.0469034435
1258.6968298152
1268.437014095
1287.5726826741
1213.9319699995
1197.1547731875
1478.0048433798
1183.3618854029
1289.1363169162
1360.7214359895
1252.0500070103
1237.1741866704
1139.1947200093
1165.1515367218
996.85335786579
1128.7850570385
1186.0342607336
1230.2126302298
1117.9435822078
1098.610048974
1264.2570980819
1156.1947851235
1301.4507691925
1283.0450388765
1334.0607367965
1439.0885107582
1373.883252787
1253.8150668226
1277.7568305369
1150.6931724408
1327.2478683009
1298.7471752068
1203.6060613153
1148.8240650636
1335.1326153662
1192.5369218725
1278.8442565537
1419.3102997525
1207.4654729585
1225.4879768046
1238.0098258152
1223.5630393823
1291.9510235157
1179.1778099605
1197.4006385085
1203.1242335062
1179.3706545598
1316.9200557539
1209.3593423721
1307.3694104437
1189.8069315988
1159.7434183149
1259.9596676128
1436.0514000764
1159.0142212601
1386.335486213
1451.6884500355
1231.8082988353
1355.6963342729
1211.0683082498
1339.4089297976
1346.6682930498
1304.8424043607
1281.2144359423
1292.5077868833
1361.8143764025
1418.2514839013
1175.4899518819
1287.7690943403
1221.7149599334
1366.1453618959
1373.2566647324
1341.8515795332
1294.6642399723
1185.9695206076
1377.4398203259
1199.8701400826
1331.9514038695
1367.2578239541
1319.7332277319
1327.4816435701
1298.423850317
1212.0332106462
1127.336427129
1188.4111750679
1093.629340751
1259.6084298915
1036.7323885728
1347.7213249628
1073.6070317511
1470.1004355557
1449.1426692766
1321.1473904251
1401.4328727086
1318.6156032645
1101.3798608721
1306.6955398086
1278.7251253669
1360.6177126368
1191.7305383641
1264.7927328409
1208.6865913199
1280.4963814521
1297.8059509344
1241.7743101281
1257.3385348793
1135.4197237468
1058.3953869199
1127.184656594
1277.9687098446
1322.4459637525
1206.3256709516
1275.7026771321
1256.9866604546
1320.186899487
1312.4903036804
1209.8419944655
1242.3072675157
1242.404245777
1386.5258163958
1275.7171920735
1374.9146648078
1307.068279957
1306.2454954875
1357.8024080876
1417.7560470306
1317.3753718946
988.22470584462
1219.9700588361
1287.8532091358
1194.4765040942
1344.8259562724
1254.932675209
1301.5661561967
1169.2654976369
1144.061805054
1156.9383885378
1360.7081699486
1231.099972099
1253.4457694791
1429.9729966478
1057.5242776302
1132.3529225186
1187.6734100661
1330.1807956331
1160.2561560128
1007.6525415271
1232.4321050873
1180.1191530857
1249.353854658
1239.6188070593
1348.4235904268
1327.8585928593
1219.9541773193
1277.4403409539
1273.6992233099
1053.3513806684
1303.4871347538
1249.4960826414
1326.319020995
1245.3497052628
1239.6274332356
1219.6222138858
1004.5605945062
1305.3512552533
1218.500459724
1263.9471237105
1260.1616954143
1224.6101413718
1435.9742141064
1300.8078766351
1391.1203491109
1360.9603154632
1252.3429176366
1340.84885816
1460.3194180954
1247.9215163239
1352.9681888566
1263.3929990236
1242.4705101661
1480.573389851
1246.3102161904
1409.3705249162
1267.2270572755
1347.956595321
1170.8613004417
1208.3489675523
1380.5977958447
1147.9475381412
1324.0215762081
1273.4272363952
1214.4254170379
1258.346859552
1137.9061528768
1278.8323783742
1340.2391093174
1342.4906469089
1219.8293062601
1158.4291833653
1128.2016607272
1373.8172622153
1223.1957791431
1138.1187514108
1355.7094604829
1361.3737217974
1350.3760011058
1173.9315350763
1110.6193648278
1274.9853050114
1472.5840860995
1216.7307279843
1232.1006535846
1310.8831899463
1259.8962864663
1401.2943399657
1256.3372633975
1406.0483760766
1156.338536122
1240.1802377833
1138.4495597831
1352.686433077
1393.9534519627
1283.5245672672
1332.2939950505
1394.7654524314
1124.2658407151
1110.8638881791
1410.0167260463
1435.9653422364
1195.8402874457
1306.9488443344
1273.6055872096
1350.7156714432
1078.6604172498
1302.8651258931
1254.7846013473
1035.3169249491
1190.8474448353
1244.6618433458
910.7118752953
1355.5854439926
1354.0750341387
1306.0716200502
1137.3363784814
1468.6101961646
1272.4186913748
1280.8369758979
1193.9472852127
1213.3616012733
1217.5832930234
1075.1066309073
1256.9493825684
1234.8208697372
1174.0985564834
1388.5686769888
1182.1066298317
1090.8387218238
1334.1044858936
1330.3678844929
1346.3924853832
1414.9425313387
1273.74599085
1295.5321369468
1179.0865257829
1248.1899243576
1430.5518417776
1226.0583765306
1284.5317136799
1433.3349362835
1271.6837894803
1324.4392911751
1316.944483009
1277.6988794093
1331.8166583535
1188.769368192
1185.5132397554
1295.5145348284
1184.1913253206
1318.9643006313
1301.1319910951
1403.4568590008
1155.0152579118
1306.9693465664
1159.9050301446
1269.2963383775
1232.2777919847
1291.5052026264
1326.011226396
1191.937564189
1261.8500947802
1424.1310637762
1324.827186932
1366.1168025625
1258.7356225957
1595.1029459321
1194.3696437864
1056.2869706781
1135.4810304949
1288.1495041985
1247.4746503678
1365.0812007936
1276.6657076743
1091.9975791716
1214.7880205823
1180.2122608315
1280.1698233869
991.0865759992
1151.7737586102
1185.7653481977
1258.5112859392
1100.3879482358
1172.9723266555
1222.6888021384
1130.4356285141
1187.3503840433
1386.9294218072
1459.4287336738
1079.5772359966
1067.4491287588
1136.1430603018
1370.6257454142
1282.9430001743
1285.1367438776
1274.6242959507
1372.319564374
1264.7885134803
1335.3236288109
1227.7033678397
1268.5116592426
1279.6616425905
1421.7396087255
1084.8765717415
1203.7629896596
1314.851447534
1242.7480736151
1415.0018008194
1149.1750775055
1332.0049843183
1342.2071936506
1389.0275800551
1248.5478027867
1029.6580255737
1184.4007978172
1267.9315852903
1424.1121380612
1099.884152841
1155.0419161537
1255.7814027961
1313.7581848264
1299.8848979772
1336.6070862175
1190.7160297249
1158.4540916425
1282.3811141718
1286.0612625937
1175.6054042333
1223.5556634109
1244.0871430351
1344.4168025506
1170.2428744469
1253.0948857615
1229.3068328931
1288.0501880536
1390.0619983652
1340.9615855696
1070.3357726646
1226.3560062919
1294.0624230291
1243.5029602857
1366.1766311942
1281.2802703829
1093.6540813482
1318.6632462031
1165.1400799023
1133.9202769695
1370.2480402734
1311.7047722484
1339.2808588492
1254.172725939
1335.7882304257
1185.9259227758
1255.5718353096
1113.9452937648
1291.6940638219
1540.1254070808
1336.3511500451
1194.724611523
1133.1494596352
1288.7951003376
1205.0653703224
1185.3277331027
1255.1156666781
997.1415383334
1148.5713946246
1299.0892889908
1308.398431517
1102.9428356777
1284.0966746428
1261.7771183515
1172.0162034624
1281.5891125411
1226.8945914005
1309.7839719016
1433.0387971056
1298.8581646974
1278.219598932
1141.6874633585
1185.1764897426
1206.400009236
1328.3694045239
1235.8134440301
1321.5951078234
1167.8562198479
1279.3999333784
1332.7517086757
1335.6069570511
1316.1902059567
1138.5497469372
1208.2727112494
1329.4666964722
1238.1413667475
1451.0886359552
1313.6317967013
1574.7526409129
1293.4938324008
1364.9627175864
1154.4419213103
1191.7822015106
1311.8036374713
1227.5042569787
1190.7718116825
1427.111584517
1424.4125323432
1203.1871028787
1304.928889339
1026.7703497801
1269.4686496188
1428.7608505759
1234.5072344064
1242.2731248995
