1271.7777112909
1423.5434364397
1057.8280219676
1111.0283757482
1387.2441274926
1184.7506717004
1432.3555800172
1430.6798433138
1419.2520589457
1264.8285646771
1249.3460931995
1234.6730053255
1324.6441503824
1275.4457650773
1284.3578742384
1253.6423346868
1163.0320958046
1306.1404030318
1248.8897215299
1200.3303089543
1251.6672931771
1333.7736320272
1210.9688671397
1352.4039526482
1263.5051161201
1303.8485570062
1350.9000590494
1353.177103116
1407.7655639471
1298.7398809016
1048.9696084692
1275.476211402
1181.1247467815
1271.1256950195
1209.0436960726
1313.1369559503
1194.0398741774
1091.3451244275
1347.1162739961
1276.3971921689
1417.7863736815
1366.4893953334
1292.4695492246
1098.9827316234
1183.1971829358
1232.9361021629
1181.7081989561
1270.7399086611
1223.2532729354
1227.9783200467
1299.2886920474
1241.802966495
1329.0176262408
1290.1533091673
1225.7689522688
1389.5380330651
1094.1326503677
1233.889674957
1340.690698888
1178.9654059188
1241.7191584806
1250.4928448888
1090.6627553751
1273.7075316985
1251.7169440922
1382.4548594142
1258.2342620028
1294.621694074
1298.594867174
1249.4239600304
1367.3198429888
1210.0280110574
1304.6345218033
1309.3849973973
1309.5934929601
1364.9749761713
1302.5881232581
1272.2604481282
1387.7670644598
1485.7032950274
1292.2337164967
1331.012316699
1201.1518757267
1219.6492542791
1325.7904447623
1284.6641829598
1297.2998289868
1202.9801614351
1108.0515548385
1146.785986615
1237.0569736278
1247.6764878237
1122.3745798705
1339.3013894852
1229.885781019
1062.1348199465
1189.9596701408
1286.7430587445
1152.319154407
1146.2305297191
1301.7469491267
1326.5502813323
1271.7818409146
1215.5521236741
1119.6614265599
1305.4748184548
1185.4751695355
1355.7853462806
1331.6566764291
1259.7746871896
1149.0995623724
1212.423871198
1284.4178918408
1231.2929508949
1246.5185202853
1164.8633964442
1286.7288161032
1297.2318117385
1311.8222835367
1435.023110856
1271.1553883757
1212.5881465765
1251.7436133407
1430.1705131746
1372.8642749696
1044.6222600172
1297.3704213748
1281.5426368913
1161.9505589526
1273.2074664596
1339.2915343183
1147.2765834626
1294.6640837709
1299.0213654524
1403.9770264215
1252.3510379495
1312.2750874477
1084.8960434029
1269.0742353642
1323.0230174278
1265.1168268564
1224.1382483118
1204.494146559
1256.7271956193
1231.7031290554
1235.9485069138
1148.8700248297
1216.1610789153
1329.9149174345
1280.9838410372
1330.146533236
1263.946087639
1277.803643442
1312.33007214
1323.1967254883
1098.0025063047
1248.5185042613
1332.3065382743
1267.5714973709
1261.0057002558
1389.2286889928
1298.1258861422
1289.3980490219
1120.3585377561
1239.9082637413
1383.6445705099
1413.8150785152
1318.4135108042
1296.5712148052
1402.8548984872
1263.2489940404
1204.7494332539
1266.6691646772
1460.7572780023
1485.6498897599
1168.9555396651
1312.7646739308
1339.0359749505
1310.7652840399
1295.6224361572
1309.7187368462
1163.7598551604
1291.9622311763
1085.7284837041
1208.3729144506
1365.4063860946
1283.0291766965
1280.1647333128
1421.0327700834
1162.0311924015
1102.2118292843
976.75584624316
1137.7827945667
1306.4997547283
1052.5957264096
1175.1529908279
1443.422752772
1151.7591142155
1312.4100898629
1341.3604996132
1266.0300447623
1139.272695442
1192.4453269577
1193.8867296569
1261.2171368703
1263.48582116
1374.9503352633
1236.2172656766
1176.7072426729
1232.613416181
1177.0912736655
1353.4442639153
1236.1819619105
1349.9220889886
1137.6048751259
1228.6273391873
1162.3737035813
1215.1506857788
1284.2269589477
1230.1901009528
1222.202301965
1151.4044363211
1366.9906579385
1186.8270709886
1353.7709354376
1237.3503712808
1214.9436265604
1174.4372558247
1268.9644013795
1210.3921555948
1089.0146331322
1273.1565725947
1184.0403842003
1516.3494775362
1317.1362847355
1454.6364270299
1304.7858557215
1343.8185741838
1186.6931633248
1245.6793650969
1310.1566243437
1132.5081374216
1204.9496944554
1274.5341688739
1195.5596214953
1307.7543526553
1278.1780065514
1361.087719864
1248.0554640837
1221.7411482151
1218.8943271505
1089.6702389944
1146.5373614663
1147.4960265543
1175.2632412942
1238.1572149009
1274.0440784655
1202.4831228158
1132.1896750923
1236.2426556984
1246.3016030986
1237.7426304437
1135.6286009025
1179.1928984462
1032.9747179467
1214.5455334548
1262.5518981829
1149.1157027119
1284.6040873854
1211.7377252196
1046.4305452349
1353.1522283195
1193.346783047
1086.209784089
1337.5902530306
1186.2062911956
1248.9696408772
1189.6780772254
1329.5546563369
1396.6601982053
1395.1211264478
1194.1737530647
1390.3415892519
1358.7711357714
1252.003464962
1301.4744999526
1247.0709616124
1149.7686450537
1125.2181211551
1115.8102225747
1302.9845151064
1082.0465708161
1398.3628228985
1096.9743041265
1289.411561297
1242.7694698386
1282.6761276989
1455.2202681226
1298.7330153218
1154.8879974342
1214.8701032297
1234.3884040485
1245.42615174
1225.9125695138
1373.3364993934
1117.5067327974
1151.1601746375
1171.9473714585
1215.6452940777
1322.5507955613
1283.2210849652
1223.6566167321
1094.9793692376
1231.3647048126
1399.702317706
1284.1863615327
1395.2262831047
1274.0966784907
1233.0700009033
1232.6997235618
1071.4976076442
1311.8667995253
1266.7424392347
1235.0476664837
1219.5155213998
1209.1783029909
1301.590038323
1089.73879656
1233.7944606286
1272.1540026232
1222.0983831433
1319.7707486595
1255.9572257454
1401.227856329
1309.7229735579
1283.7501949336
1114.347896641
1317.12387776
1260.5369315645
1200.3673362614
1360.7676471421
1227.8146311802
1193.3260335345
1173.9339790028
1225.7820254784
1224.7206936356
1326.8141194136
1280.110865444
1110.5496459575
1256.226956218
1153.1191889631
1454.4646170818
1269.9592740738
1342.6438748805
1186.1460147167
1058.4291715945
1370.6453453725
1235.009615774
1128.3283232027
1406.5565627243
1166.8406074514
1324.0066867272
1279.5063066509
1044.3143356083
1260.0089494509
1100.2469839556
1172.9336402741
1216.0890743575
1378.4190623062
1019.3636084365
1384.8106049999
1268.6028958556
1345.0718612811
1323.3227126628
1277.5920728473
1350.403556108
1128.220328321
1319.3573988125
1349.3270733035
1233.1165170289
1398.2949732329
1435.7099955567
1174.6378503785
1360.9475078003
1327.762223432
1413.6786891931
1286.3243248464
1025.4362337705
1188.0220328148
1349.7726787291
1338.4605931211
1340.2996715991
1196.8709622659
1161.1880106262
1342.7585599544
1225.5640253352
1379.2181596073
1208.0896598977
1300.0043714076
1269.8471666373
1403.3950567173
1069.21021248
1300.544390913
1370.2597148812
1240.7697747878
1312.4482905072
1305.0245226742
1152.786142562
1341.9628189057
1138.6294644429
1062.5470160018
1215.7185411421
1302.5354298747
1229.9664898034
1345.9883767932
1315.3403455749
1071.6978594663
1251.8133049357
1313.6656708036
1255.4044467651
1255.4703075645
1308.9834036044
1375.8595975696
1261.0534286172
1311.9587457428
1067.9943398747
1313.2156523413
1048.6749932359
1009.5037308372
1115.0828097708
1215.5213833149
1155.3631139952
1294.0517164442
1295.540745875
1263.7502187912
1309.802828972
1165.6048285908
1389.1974369213
1366.098595357
1186.4280530942
1319.2258710785
1145.7059867349
1158.0935247242
1384.0397930998
1218.2322525205
1228.0882204963
1150.0350855324
1325.2134216347
1306.647496572
1206.5063776747
1233.7793035637
1273.5009088223
1256.4634380312
1499.7600852374
1320.6105855724
1246.3799348162
1114.3697693106
1332.3209826537
1432.2970691659
1238.8575116981
1220.9779891248
1183.4059452286
1210.8007670044
1211.3920210073
1114.9303488307
1150.1785319683
1227.2349340422
1316.5462113707
1290.009722326
1185.4733309505
1131.97381099
1157.4854897711
1265.6029859065
1269.1430305239
1172.7345397317
1288.6669753804
1256.8200399338
1354.6444723289
1195.5245769429
1276.0358135711
1153.3467422195
1237.1671140612
1179.9938198015
1262.1701313945
1225.9917167771
1287.3961608048
1097.4009795512
1099.9740683657
1308.8535940174
1225.0156807228
1363.6860916468
1162.4075870489
1366.2791777678
1088.2642390822
1235.1867481036
1187.7509287413
1191.4310388796
1199.6333856078
1300.277465962
1314.9210970463
1359.3721209164
1339.1610630169
1281.0984792194
1333.2728524156
1270.9987165328
1360.8107206297
1309.0386421347
1213.8428516498
1386.8646906699
1269.385663511
1238.6047870774
1295.0668325967
1298.0418251416
1193.0289650355
1240.0813682248
1264.7031020439
1128.0482083805
1322.5436085168
1071.0294944799
1501.000538605
1248.2682910507
1254.7714989307
1112.6180026728
1293.6606116522
1125.109806699
1254.9842617121
1321.1144620332
1158.6471022358
1369.7067206222
1252.0096163493
1276.9872280439
1332.8137782644
1221.1880691845
1525.795700734
1356.3857197382
1267.7362900865
1287.066755174
1230.6906958358
1219.9173465405
1125.0757778198
1269.0775897664
1374.7401021709
1314.1116632292
1372.7965526733
1378.0095443011
1229.203771821
1157.7337486898
1313.0679082345
1328.4925803676
1102.0238895196
1258.1320677224
1280.3186965217
1067.6282910324
1341.8913303726
1404.0995579744
1187.8692744472
1139.9857942645
1318.3631126486
1253.822049006
1344.2013686039
1319.6163267426
1228.9275653532
1330.01248117
1152.6525167328
1186.6970643599
1228.3156213833
964.9596103363
1354.2800460341
1173.7261657656
1355.64513965
1302.9758313667
1242.7278586931
1360.3714408329
1128.5718146884
1265.0003088382
1399.8815778645
1284.0004052987
1174.1909419583
1268.3341722895
1332.8250881483
1314.9485149122
1392.6066506703
1271.4369480026
1238.937948402
1316.1173316983
1263.1877872196
1133.7516378503
1069.3198191681
1329.1864058333
1181.6412016664
1119.0487572679
1337.4202588457
1190.1322994328
1193.541052219
1229.3695930294
1161.0851447299
1297.9569491946
1253.646609655
1039.9557474503
1229.6922098272
1134.2108026951
1252.5661457904
1300.7588168937
1265.4187880302
1232.3896102527
1523.3019137031
1286.2650078526
1390.9759772602
1267.3163168759
1376.2389878412
1138.839096406
1245.8236509899
1180.8837346623
1228.6206462282
1270.2786591674
1300.8726861231
1269.6980232268
1109.1986503495
1293.4122484019
1170.7208483937
1330.280808963
1313.1600093177
1330.4861423259
1211.6277778851
1227.7060832815
