1193.5353514212
1309.6028501174
1184.8193984701
1258.0712807278
1469.6157465629
1275.840013448
1213.5652512175
1455.9888619531
1427.0560459984
1296.2393894569
1478.1429942305
1245.5756501176
1307.4239905913
1171.9378119824
1176.3219938769
1129.0433268855
1192.9713652348
1073.1097713434
1456.154183692
1268.61092368
1161.0616830863
1328.6652546047
1251.149432942
1336.3590881498
1062.5024999124
1328.5119591632
1316.2270942834
1372.3499566189
1325.8297000822
1091.1852432779
1326.0035276201
1158.1246490084
1377.6625653983
1208.0443358291
1185.396835534
1187.0689470433
1137.4650398308
1104.999296383
1280.2208395298
1342.0023516188
1343.0090625919
1279.4482362096
1142.2526292646
1120.9323401884
1182.948070985
1297.8963291883
1137.8587838687
1223.0454129482
1215.4621064125
1129.2279244176
1154.7520191861
1256.2172512083
1442.9176559325
1494.4569596454
1120.2961837108
1219.3528647729
1232.4328107059
1358.1447855686
1376.1902274106
1244.9155865676
1383.1833383519
1374.0515054289
1398.5812196905
1113.7517853579
1322.4446005031
1219.1900637671
1321.2871185112
1293.8863266957
1418.6842155252
1291.4472180439
1243.695762203
1191.4722140099
1339.3515830154
1314.7888801561
1271.8602941067
1360.411657633
1367.4651560014
1173.0938513367
1404.7879271786
1202.0561610352
1310.485751941
1171.5960641721
1211.9985539202
1117.4889623531
1287.0684662358
1226.0225484988
1128.3701798383
1160.4495104727
1221.7050229205
1407.9271035209
1294.5894644014
1382.1663160651
1273.5290722707
1324.3284455006
1215.8236111314
1248.4495548053
1129.326154285
1278.0042371049
1187.3071211408
1055.4850703223
1166.8874870192
1312.1158089516
1378.5917463225
1166.3801660712
1270.1585698433
1215.5034888398
1252.445692213
1297.9678945409
1182.0192766332
1186.0907910856
1497.1260737694
1216.4040653268
1141.8462726805
1182.3508617627
1238.2492702574
1227.3608832784
1194.1803824751
1238.0835232034
1192.4940036677
1179.2121854623
1196.0060328042
1167.8937581763
1077.4830403697
1235.6809061525
1336.1116586044
1283.076940244
1121.2704906346
1355.8063881665
1215.8799649197
1422.7565685439
1467.9997232141
1379.7007545353
1436.5428719418
1285.8965119738
1239.1645398792
1239.6188956958
1152.578929371
1502.7373351783
1400.5985605535
1177.3209218422
1228.385025788
1098.9983554307
1130.4203835541
1130.3832518031
1227.3099746719
1256.4299442008
1124.0748786853
1085.2689901897
1143.0784237346
1195.9099597885
1418.2863341022
1208.5065133287
1105.1243009756
1248.0441113571
1094.7687796355
1221.9855396836
1333.1119417397
1252.7986123229
1245.468353196
1230.6380619598
1351.9370671889
1237.7785209899
1463.6224921457
1424.0230032017
1255.8835218296
1098.3276801042
1371.6886332635
1224.5113621685
1383.6245040633
1306.7932591063
1263.7566791427
1309.2634798999
1441.7289730303
1231.2915834729
1405.3349206137
1130.0807819984
1245.0826050729
1392.6021016439
1293.8847616721
1326.9324001245
1275.2224288117
1171.8200637369
1282.7758639567
1306.4251587076
1223.7197374262
1137.8034912777
1144.9011043023
1104.6119053422
1393.0769932973
1184.5604275381
1310.9717944502
1369.5743117157
1401.1815031361
1331.4126699591
1255.4959121156
1288.6980995395
1212.3342390478
1276.4745748742
1326.3117834525
1230.3524976276
1278.3208289598
1341.9456150166
1338.1820951814
1095.1853232099
1257.9621978538
1277.1145961284
1271.100172564
1308.9924843658
1325.6292075396
1154.4627816834
1255.7326874898
1207.5643953404
1206.9636962604
1341.4980492097
1319.5507548579
1261.2462788989
1402.0450515434
1289.1383683474
1279.5492351604
1446.3240921723
1231.3357039075
1052.3875697196
1270.7968701877
1488.6259542407
1400.4381185205
1310.0727766173
1250.9714409537
1243.2908752579
1290.184831552
1346.1362137575
1360.6144208972
1074.4315414396
1220.2235171804
1150.8224883795
1149.4528140115
1306.5823417523
1043.6372089128
1189.4581129869
1532.0107354639
1306.1573609471
1288.3571921605
1213.6043709861
1116.0165794402
1332.4424332975
1241.8225823454
1223.6706675696
1245.0198174564
1305.9884866411
1351.2102022644
1099.9314933027
1342.1559807991
1519.6239552424
1182.0857851669
1314.4501484201
1186.0935964336
1184.2975774578
1331.2420356175
1401.6981016909
1289.307972781
1137.4450957993
1398.8865098971
1243.916738743
1235.6517556102
1209.448865026
1089.4515382674
1332.1382230435
1271.4023796019
1204.7623395012
1271.3687237141
1273.2777824859
1152.8273289963
1269.0275462522
1235.6603986265
1221.8135344903
1207.9803821365
1322.6926182382
1392.7857579153
1222.0802807135
1298.8130388741
1119.2354372372
1218.3045103819
1375.9185709269
1157.1345507797
1245.3035348093
1200.0267305729
1283.6072765487
1262.1952221663
1353.800503032
1130.1756761566
1143.8680607809
1333.2107926957
1388.1653552844
1184.3512394313
1187.484673735
1178.708990123
1018.7183284578
1205.8442826719
1333.274911891
1200.9560699312
1113.0775330592
1268.098109925
1340.9969134534
1293.3150091541
1422.3030304558
1166.7282095723
1207.8512913966
1425.4554391859
1181.2195454454
1375.3413087758
1378.9553814934
974.30651865753
1273.0256743626
1218.245829766
1272.2979983541
1245.8957727159
1360.4613798556
1335.1684729751
1255.3231109037
1206.1210610337
1353.3706645832
1179.0189121843
1279.4388471863
1287.1996985694
1059.6230794219
1213.393046177
1331.4739586815
1626.0520862774
1313.8803974127
1180.2410011594
1283.9066086483
1206.5939980666
1328.2514400039
1344.2643702798
1242.1021539534
1049.0701717221
1176.2806258633
1231.0463395936
1217.6062351544
1198.0192971867
1252.2047669678
1235.1433126297
1272.0135301464
1277.9617722178
1260.857405218
1327.6712573534
1368.845378671
1369.1619681924
1211.895984136
1198.7317805225
1298.2758420745
1315.8877405417
1233.060460716
1285.329145074
1239.0608552171
1097.1834345258
1153.2113694423
1174.3477109683
1146.569973895
1431.2150225173
1174.078084355
1387.2916814325
1311.8137314509
1107.2361279352
1178.3808931171
1128.7151929127
1119.7380140597
1302.0202436654
1585.5435277787
1204.510064523
1257.7355557164
1304.9058735741
1181.1646280258
1277.9622131044
1082.7981466747
1169.4722612249
1546.847247241
1392.1625740968
1497.7331071038
1243.331508367
1020.1728660441
1257.7335836481
1227.3884670302
1241.2637946037
1172.2951323581
1344.2160429675
1140.3069786851
1315.8994275749
1314.5140069949
1162.0809857675
1193.1243038643
1177.7208369911
1330.124930631
1182.8039519744
1358.075755124
1424.7203131345
1204.3966181859
1239.1468981067
1257.995866899
1095.1446365028
1337.3542001371
1171.0360193891
1208.2949147985
1461.3915368587
1150.2164098307
1332.6739002503
1134.252161136
1251.1459565905
1122.500272761
1183.0508113769
1263.6451160391
1208.5634789898
1191.0487483262
1159.9238376041
1319.9549585242
1446.3848345436
1117.9471486685
1108.5381821716
1176.9527862041
1286.9657005761
1125.452441019
1168.1541844574
1257.9771110964
1105.1953785175
1036.8464241327
1222.1908667782
1154.5912199897
1220.5397486821
1212.4801782668
1224.3568094345
1353.7211324852
1311.8535653056
1426.9843641153
1305.5247362386
1357.5900340289
1150.0711570852
1104.4142730932
1318.3338289161
1155.7233653396
1385.5447764903
1205.8663706324
1338.5079095316
1142.1161738977
1348.9099140497
1178.9452638491
1227.4148892803
1160.3267928123
1248.6232029206
1374.4698176222
1171.4498701218
1292.1232618772
1258.2413233461
1319.6619596506
1237.4618922807
1259.6183874224
1149.6356610123
1425.0133161672
1249.1699734865
1146.9105744764
1099.5415499829
1314.4109591589
1302.6814610606
1160.150128277
1313.4051155035
1245.3703564797
1075.709802098
1298.2508251686
1304.3489749852
1076.2266626558
1495.2557004229
1059.539819939
1324.107924301
1065.8259519409
1330.3099074378
1174.4047242945
1387.6547856442
1216.5176906139
1152.2298287874
1160.4056930356
1312.5338519461
1229.2001536637
1140.0672203015
1364.7709938999
1193.725306133
1168.7342544059
1306.7917696826
1162.8492145291
1275.936976154
1132.9097428304
1233.756914391
1234.2684484435
1227.1286797055
1127.2383047795
1351.528177863
1400.4372076184
1271.3871533793
1401.5376075495
1355.2649251072
1239.7706987413
1040.8493289016
1204.3511584059
1238.0049650518
1187.9092913
1351.5129590196
1381.1732729151
1346.8131033054
1158.5669647637
1236.0310417172
1326.7740544216
1312.6376279996
1225.7511420791
1196.6251487129
1282.3606373875
1197.0755175037
1168.9684817925
1316.5593536283
1219.2533403872
1189.4911083201
1121.0514679714
1271.4062002917
1169.2016782905
1300.7299533694
1332.4258505294
1264.5836305541
1266.9802640408
1363.5320013039
1263.8008767761
1306.2272398796
1195.0079268518
1128.201393971
1138.747610161
1218.7497343795
1227.1558986456
1135.3117848409
1136.3926332667
1031.7340178072
1196.1667815987
1249.6225284712
1368.37201766
1091.117471238
1253.4733924146
1477.484819773
1255.4285275804
1105.5474001133
1349.9142898049
1282.5019851665
1177.8895315568
1118.525243491
1260.3635128585
1064.3176305323
1201.199449587
1095.5691901189
1206.583273954
1479.8948229251
1418.0886901412
1395.3415506721
1186.4545697677
1382.190159772
1148.8333213421
1159.2177547919
1069.3332714057
1321.1780821897
1288.9744712115
1350.5959558567
1270.4304893852
1389.8942950225
1271.9138573818
1319.7077611016
1058.7072678637
1336.1052814044
1303.7799016929
1282.1109367206
1376.9442324717
1313.1675719314
1215.6191169907
1307.7828620021
1221.0796336134
1204.5376034424
1203.5061896267
1202.3084773818
1310.0951846033
1224.9356978833
1266.5628228978
1340.1246619227
1413.9140675763
1208.6790616082
1387.4206421551
1260.8403976884
1283.1293435568
1392.6474334188
1130.8704022073
1145.4658461849
1176.2364034547
1268.770766284
1393.0807718109
1193.3830558088
1398.1542942099
1247.6780820142
1180.0665373082
1154.0776762736
1319.0014847881
1175.7383492809
1464.1559280494
1194.523522754
1262.6248123028
1242.7512139546
1201.2404757627
1178.0259224166
1231.3212308199
1170.3859048748
1301.5886092881
1286.640800358
1336.7005039092
1101.5497821186
1332.2262436616
1287.5288293215
1400.1649247003
1287.5415992209
1221.3531385069
1226.6667356579
1239.7203987718
1203.50962281
1319.8389949291
1275.998494059
1293.971808891
1268.4897259972
