1245.8081467075
1110.221182958
1210.4619994137
1217.8102052086
1455.0843141342
1156.6438826088
1323.1074585069
1105.7937081561
1295.768564225
1309.4585038645
1301.9772184732
1222.2543817482
1177.4881306111
1233.3159163838
1410.1678638548
1157.9189635961
1046.5598683256
1383.4746078326
1108.6755626273
1194.5045686147
1307.0199289121
1352.5877453985
1136.8078580794
1308.7233144065
1343.209079848
1285.1676715982
1165.0206034915
1274.7630503094
1337.3213146245
1296.6832268165
1199.1716723081
1293.6616853073
1297.1445412622
1252.1697043457
1078.70506783
1281.9648420698
1129.157331684
1348.2162240075
1339.1630924881
1301.7806129194
1246.3043200705
1280.8728073106
1152.465748191
1223.6916967466
1301.0553005756
1165.7696651487
1266.4353561116
1216.4459515689
1197.8462242068
1204.2378528526
1305.580791583
1367.6345355047
1191.2569052171
1144.4150903205
1394.9546962919
1174.3068680304
1281.7097348688
1453.1837549348
1237.4364235918
1252.6858058627
1254.8812165911
1261.1088539383
1282.8282205909
1050.7205678935
1377.2583860499
1400.5479903408
1297.2689310329
1362.2125062307
1170.867722944
1005.4867525318
1477.5211260479
1368.1418620604
1302.3744335541
1185.0877456652
1420.343546522
1388.2592056071
1404.6042194135
1148.4583369723
1161.3341802462
1242.7928392626
1153.9320813775
1389.8978636021
1181.9373762625
1218.7997161842
1375.2491654266
1266.4103778191
1232.6520089291
1349.3918455276
1305.3899400312
1245.4714971534
1336.5018196377
1359.266684713
1155.3017507209
1258.1361405988
1154.062809495
1113.2363952444
1268.3057982924
1296.0037092286
1236.2201003439
1255.1368931553
1336.6801435441
1286.3587333362
1271.3104906292
1347.3132958312
1190.4205334618
1379.3736049889
1273.536448629
1253.2656040293
1046.8160591214
1300.0820444383
1309.2632803988
1297.0104675788
1086.6050975215
1139.4027875071
1187.6069200278
1431.3121150487
1188.1646413154
1366.2288826613
1316.1799753815
1274.0949631062
1134.2767352459
1042.0090370702
1233.5949174337
1015.5432779327
1185.259290097
1445.4818430134
1367.3360416642
1378.9100980488
1296.1398816167
1193.4293210958
1251.3466696613
1390.1439015613
1269.8280581328
1265.0190356752
1256.284698852
1270.9638488792
1045.5280113369
1302.0064640116
1301.5431289695
1180.2177761182
1209.7835070448
1166.861094479
1349.3074886346
1180.1189172458
1191.5577054757
1080.9295575585
1314.875849062
1270.266020672
1307.7527951067
1186.2400320374
1063.5227023928
1265.4682483662
1252.5908101079
1279.5624655102
1126.7461983304
1158.8036500877
1403.4345923468
1136.4868946532
1358.3421806888
1243.0529551541
1222.9215335161
1241.7602970129
1331.8924313421
1343.396226714
1205.9981650661
1188.0215496853
1276.456552589
1177.429387095
1447.4709306386
1295.1872701047
1341.5076042543
1310.4909084729
1257.7442630869
1177.0152672374
1218.9335803656
1497.3265775858
1199.0770389334
1223.3318753877
1164.5456060423
1207.7317005516
1516.5467939711
1162.1739606559
1374.5059622486
1338.4210896043
939.94990385006
1390.1186338992
1181.0756732846
1361.8046837979
1435.8543652333
1277.3267806717
1197.6461187792
1316.680508069
1187.2888273252
1305.2758282522
1261.2354239795
1215.0492959881
1360.8769589416
1257.7064499063
1223.3210370444
1130.1708445203
1173.4945577952
1283.7194079222
1388.3237239481
1347.7755060873
1080.5295281245
1290.9829151188
1247.6597805446
1230.4648365734
1214.1286174749
1107.5749934003
1245.2332237929
1293.7329443713
1262.9488209422
1395.2079327248
1149.7013192275
1248.7051363359
1260.9629707118
1361.0284603783
1330.3656647437
1401.124852648
1262.2966485294
1301.3009946399
1226.4199684056
1150.8910781962
1253.4138924366
1295.0714401146
1165.1448476698
1137.2073491006
1265.5652001233
1201.9985319449
1233.1168677755
1158.4964370805
1448.4657207978
1157.3253600086
1233.1490370642
1327.4414283139
1187.4126153681
1300.0402647522
1400.1666401062
1218.929317006
1391.9596560379
1318.9527101907
1232.0348163446
1471.488832625
1270.4942038195
1342.7357399202
1320.3448717616
1346.1084094101
1142.1500535906
1215.6919056627
1248.6885022794
1290.1141862273
1242.3875240062
1135.9425235518
1168.9483465922
1282.2112040971
951.85691866583
1264.7421453274
1293.5761991938
1332.4732228988
1290.93797781
1313.7516365067
1270.3013456302
1439.0964892312
1121.3014494776
1158.491253661
1289.8421595601
1259.794408337
1388.1329000836
1246.0096655618
1249.8518363812
1285.6155264271
1353.6995509658
1163.840758204
1181.0315762872
1189.3871901786
1241.3221754214
1246.9720357804
1447.240759226
1228.7276139103
1226.4099932068
1227.154392588
1274.5514530032
1126.326042094
1092.7765186571
1353.2613794094
1194.4405331979
1146.3444437342
1389.1279301459
1262.1711707775
1202.2676516849
1323.0077197206
1146.8457984081
1222.2032522425
1170.2962549927
1274.355713288
1371.5794009274
1178.0311445046
1322.097989945
1280.5735814353
1271.2304477731
1206.0434129838
1286.6817338581
1374.2773965564
1329.8095063624
1091.3525997158
1114.7598767438
1230.0827199127
1283.7161636353
1404.3890133502
1112.8140353928
1287.7175244992
1158.960424442
1262.5238459319
1244.4291398319
1224.7432612519
1242.2227562871
1233.7247193352
1408.6028573132
1314.2531732091
1160.8700883742
1399.031387014
1387.547803403
1205.8448150072
1180.9377615454
1227.8845166574
1141.9586619542
1297.5362040384
1471.8696410793
1252.6767047814
1050.1693250492
1323.966098772
1169.9660276757
993.61361119546
1460.356930924
1395.2127835625
1151.3627357976
1374.8276916243
1228.6521095192
1361.72206168
1217.7983889131
1187.9835246807
1268.5984444468
1294.7130379458
1365.2321215315
1331.3425664558
1234.6522399988
1204.8697147602
1363.771536958
1558.5564156251
1270.7301991233
1183.1363477786
1244.7017263945
1216.8821993072
1129.1855739893
1098.4464852733
1211.1331589244
1266.5511594032
1426.1088100438
1310.3871648642
1149.903318812
1034.7258484506
1263.7091328021
1312.8805634879
1152.7787152357
1257.3764354003
1207.0641244184
1342.9147809634
1142.5368372623
1325.0089259785
1123.167043752
1134.4876216966
1203.5356949511
1179.380476169
1241.7546057182
1347.4110272141
1349.5112971907
1282.856030211
1267.148029304
1219.6404383701
1236.0991627242
1394.2169338438
1218.494489855
1252.11415442
1268.696027306
1292.9666116362
1172.8779791598
1389.8996417541
1318.7268619178
1392.3101505318
1267.007233732
1231.3539851088
1362.5157649501
1251.1337815066
1210.6242964768
1271.8140725797
1336.5630898721
1106.6794590867
1097.7947609326
1376.3174650415
1176.908951148
1309.6512041727
1527.7692961784
1153.9210645746
1234.9871680493
1213.0534733482
1286.5101327834
1312.7752252367
1269.545648729
1294.8828464262
1292.4156159797
1355.5888914422
1380.418618059
1341.9583480915
1308.3095078209
1221.483811253
1252.5837913768
1166.8751170873
1169.8979347319
1153.7115039878
1162.8190203694
1527.6984487671
1260.1406715818
1341.7077791692
1259.84859635
1187.9366036095
1257.8562512721
1306.6793367682
1271.1179068396
1232.5693829183
1308.2927061372
1285.0364101231
1228.5387045544
1290.6073842944
1214.9756841058
1283.8069571332
1234.8801608877
1257.9744248339
1212.0541787945
1385.0767261966
1128.3355334814
1199.3787064458
1239.9263273112
1158.6470601368
1226.3908125812
1307.5412922667
1159.9566749819
1336.8358840862
1200.4630989914
1263.3253024775
1319.6994106056
1239.9298217926
1169.3464966423
1302.5331711041
1273.9585252891
1346.0043678138
1191.2045822036
1229.955422008
1326.1229991287
1135.3814341466
1295.4915233903
1304.6807238778
1043.9769895079
1340.1623974412
1160.2773210054
1068.6943128246
1212.6155247679
1292.0941132173
1265.5974022998
1382.9025434034
1175.2472766774
1333.9742650066
1321.5487950368
1224.216303297
1200.1510404556
1347.9268337212
1461.2197098059
1291.7714170264
1363.9263079445
1337.7641467305
1258.9948986437
1372.9219505057
1180.0222749618
1258.120128573
1401.8803954772
1391.0108370103
1267.3551570232
1183.5994772584
1152.698011928
1138.0756870356
1137.6445560447
1279.7360088155
1068.5719261099
1306.374247686
1310.2991111318
1451.6556557784
1360.5613530192
1345.3874343448
1309.6762766806
1247.3727539355
1223.7740743887
1174.8985385032
1290.1916246479
1246.1619445601
1276.5105601208
1188.1130202045
1298.7265516495
1084.1442327461
1191.6016827733
1307.2905563231
1416.3077498396
1396.216654547
1251.330051249
1281.8230005874
1321.481568637
1046.9317946705
1190.5858249443
1092.4219155508
1106.0840366734
1382.1032328705
1303.5606870974
1278.1629788737
1422.4812152328
1203.2002812469
1252.9112295686
1234.667355846
1350.6518878712
1373.0573131152
1189.610477126
1206.632939476
1287.0081379192
1286.234708175
1262.2184995512
1480.914265557
1212.6547103996
1405.0528155173
1209.8242119487
1320.6467172364
1250.0814147843
1507.1813344925
1261.5788641062
1348.2859848529
1021.1830293402
1184.3650775964
1213.1005394436
1235.9112923542
1108.545545062
1201.2982672872
1237.8595070463
1321.2751442962
1167.5343603659
1167.633890954
1172.9455528895
1232.5987333547
1374.2070781812
970.78807047104
1368.6335670215
1142.0303166155
1308.2994887757
1225.606706354
1208.5198753362
1211.2822782792
1274.6731376505
1139.6220763759
1241.9422968508
1281.4803310045
1187.8101378903
1168.7695155392
1321.8782951223
1227.2277028177
1142.5634213103
1208.1454511651
1240.0788164625
1248.9294510329
1263.4531511006
1301.1302574744
1167.4470094882
1322.6821476225
1197.2976297232
1273.497345077
1177.2160712848
1304.5796322834
1249.1214349279
1430.8140193848
1338.1420850881
1360.3309576219
1116.7652148037
1205.9408716283
1076.4778300219
1281.6636848148
1203.5090455824
1124.0508734903
1166.5763683767
1134.077058163
1033.6632629487
1268.1155770166
1260.6002343934
1267.676873089
1310.0613068246
1216.0142269233
1515.2456986591
1347.9690101772
1434.792033551
1167.7733546387
1445.3891482287
1291.8091528541
1243.9560833635
1159.7065359463
1205.053504793
1245.6976174781
1397.9244780594
1243.3921358687
1339.9882051078
1181.807783518
1376.8955106957
1346.3438219344
1187.2332138286
1254.7256937372
1342.5447115555
953.21030582502
1141.6058550468
1462.0893297612
1380.0150351665
1123.7877434801
1163.5732259611
